node,p_I,p_S,p_R
0,1.0,0.0,0.0
1,0.08572939457429211,0.9011336155415927,0.013136989884115227
2,0.004343719929651176,0.9941326465420967,0.00152363352825217
3,0.034763574337138024,0.9549869083853865,0.010249517277475506
4,0.047123662183572786,0.9409560074875905,0.011920330328836763
5,0.10857651393256545,0.8664377657465753,0.02498572032085928
6,0.0831005790822417,0.895536654357926,0.021362766559832356
7,0.05482339840833693,0.9295593997173598,0.015617201874303276
8,0.2939590234155661,0.6156415383096904,0.09039943827474349
9,0.018691137787691194,0.9777518079978857,0.0035570542144230614
10,0.3303768923929721,0.5568055228882023,0.11281758471882562
11,0.07453058736290422,0.9077498547546746,0.017719557882421154
12,0.04611243151035538,0.9416598253839363,0.012227743105708285
13,0.04482891785030044,0.9409459602103266,0.014225121939372951
14,0.04559715238125195,0.944255379583337,0.010147468035410997
15,0.04222372751688533,0.8886861413378851,0.06909013114522952
16,0.022506930131760073,0.9708980091378718,0.006595060730368095
17,0.10636773452040683,0.8512374555423694,0.04239480993722376
18,0.10498616427659686,0.8793999255358574,0.01561391018754569
19,0.01831552975190284,0.9784729232543596,0.003211546993737521
20,0.10046183546997925,0.8792104391830207,0.02032772534700009
21,0.09571818867993144,0.8808753031660509,0.023406508154017666
22,0.03739473907067322,0.9561236253439701,0.006481635585356671
23,0.06993694709651972,0.9062256845963796,0.023837368307100634
24,0.08555348145547953,0.8993223722344115,0.015124146310109006
25,0.01132150037327741,0.9873443324662803,0.0013341671604423055
26,0.07779298464226335,0.8902094605436575,0.03199755481407919
27,0.08979082192933951,0.8868181468812278,0.023391031189432636
28,0.08377895441556216,0.8793654388803335,0.03685560670410437
29,0.08158697308699342,0.8995570703034013,0.018855956609605314
30,0.05582635478517192,0.9255859193199847,0.018587725894843393
31,0.06829782246990156,0.9080315815359438,0.023670595994154678
32,0.010506090925065572,0.9854288932992196,0.004065015775714861
33,0.00510616421539732,0.9933495863051507,0.0015442494794519908
34,0.07549868314904315,0.9067986420296257,0.017702674821331178
35,0.008761740674389175,0.9887925181623157,0.0024457411632950996
36,0.8058414149429292,0.0,0.19415858505707081
37,0.1327069472768219,0.8306728034995273,0.036620249223650786
38,0.05499910784005882,0.9337582581313734,0.011242634028567816
39,0.1025420722355925,0.8686656184852425,0.028792309279165016
40,0.10334206483330854,0.8715331580119515,0.02512477715473993
41,0.09039553698158284,0.8917094743840259,0.017894988634391228
42,0.009711777418541186,0.9864690735471315,0.003819149034327278
43,0.08757678968557271,0.8863207890584561,0.02610242125597116
44,0.01896884782596339,0.9733030173934613,0.0077281347805753554
45,0.06675605141134726,0.9202415764886778,0.013002372099974971
46,0.07362546653063799,0.9100677278632123,0.01630680560614968
47,0.07171897418097464,0.9012233201454934,0.02705770567353192
48,0.04379790244526498,0.9471922641977532,0.009009833356981873
49,0.21624501459217957,0.7433093940611375,0.04044559134668294
50,0.18067351013159963,0.7662015941258035,0.053124895742596906
51,0.06749738265826496,0.9157802648089037,0.016722352532831296
52,0.1289352702903863,0.823342008088262,0.04772272162135175
53,0.037194007869137555,0.9565919906588488,0.006214001472013633
54,0.06108387282371844,0.9329169451264241,0.005999182049857471
55,0.09662910770531113,0.8773518787704884,0.026019013524200496
56,0.0949184239941412,0.8792611342792603,0.02582044172659846
57,0.08000010016561072,0.9007747386428481,0.019225161191541208
58,0.11209440260166917,0.8707888609051522,0.01711673649317865
59,0.11726631242292501,0.8615339426204378,0.021199744956637182
60,0.030360025675300058,0.9625867971312637,0.007053177193436228
61,0.00999477189496438,0.9886106879962633,0.0013945401087723382
62,0.0316932746777136,0.9618105330775577,0.006496192244728692
63,0.1507828903898117,0.8135172337836406,0.03569987582654768
64,0.05244157342767387,0.939409455610905,0.008148970961421082
65,0.031893346012681394,0.9625581070832703,0.0055485469040483315
66,0.19043646750251955,0.722013018585677,0.08755051391180343
67,0.09328981599302173,0.8886291096353565,0.01808107437162181
68,0.040692541342172026,0.949800947356026,0.00950651130180193
69,0.040652188554258215,0.9497434938867857,0.009604317558956089
70,0.12801672143654869,0.8498683843840017,0.022114894179449625
71,0.1060569230407466,0.8586330748911842,0.035310002068069175
72,0.13161212030403163,0.8441020501262055,0.024285829569762836
73,0.05202083430839587,0.9359329138115545,0.012046251880049605
74,0.10112516805832987,0.8795381449409568,0.019336687000713296
75,0.10310479671896058,0.8597649583354366,0.03713024494560276
76,0.036994016723664425,0.9508913630062441,0.012114620270091471
77,0.13207101796870382,0.7903460364197599,0.07758294561153631
78,0.1444101169202335,0.8317853716182954,0.023804511461471146
79,0.21751591420157843,0.7197124300956805,0.06277165570274104
80,0.8926080571910961,0.0,0.10739194280890385
81,0.2177971505924165,0.72333093380547,0.058871915602113516
82,0.050262033910545685,0.9387152224359852,0.011022743653469162
83,0.12911017702546645,0.8346874873854913,0.03620233558904228
84,0.14269262637299712,0.8218356756198381,0.03547169800716482
85,0.10906755361695777,0.872431108806008,0.018501337577034174
86,0.08833723552998249,0.8961339998293415,0.01552876464067602
87,0.021739663696859653,0.9736534402245105,0.004606896078629845
88,0.026167311710537964,0.9692153620549455,0.004617326234516519
89,0.059908046109908054,0.9231379254609112,0.01695402842918072
90,0.042865043674255456,0.9489572644509141,0.008177691874830438
91,0.03985493663209659,0.9497907229223671,0.01035434044553631
92,0.14458454937372028,0.8087284691999065,0.04668698142637323
93,0.09887201119471592,0.851004322032245,0.050123666773039116
94,0.14167403327374328,0.7733163708371209,0.08500959588913583
95,0.2678296028073238,0.0,0.7321703971926762
96,0.12967600363250248,0.7926484372190002,0.07767555914849729
97,0.057489829639180076,0.9254320785644591,0.017078091796360845
98,0.05965209885303907,0.9214999894583167,0.018847911688644248
99,0.0008772240279785182,0.0,0.9991227759720215
100,0.46279659272621865,0.31742493134005645,0.21977847593372493
101,0.12068169942233148,0.7774606511554705,0.10185764942219805
102,0.06765098977102306,0.9181844503090263,0.01416455991995065
103,0.09074338352856595,0.8943982009042258,0.014858415567208209
104,0.03897749831474141,0.955056903988717,0.005965597696541579
105,0.04114248155900468,0.9517039874176579,0.0071535310233373835
106,0.03465473892645385,0.9492154932400242,0.016129767833521963
107,0.05004098231987211,0.9416637934302239,0.008295224249904006
108,0.09026909508703596,0.8842585648790796,0.02547234003388444
109,0.016808767616162058,0.9795422679448653,0.003648964438972624
110,0.022423487982095536,0.9703730318831091,0.0072034801347953805
111,0.0653803474091755,0.9134693573059975,0.021150295284826953
112,0.008887781854207334,0.9877348873955704,0.0033773307502223057
113,0.021198400792441053,0.973638233188624,0.0051633660189349785
114,0.004012825667780992,0.9944152376207551,0.0015719367114638866
115,0.03138588347380088,0.9636931940688087,0.004920922457390415
116,0.06326821586673381,0.9215721560281608,0.015159628105105401
117,0.06524424136253246,0.9189175036917125,0.015838254945754998
118,0.23665944320776086,0.6950544354935396,0.06828612129869951
119,0.031899837294255426,0.9625190338417683,0.005581128863976285
120,0.0751197825798143,0.9021488871568267,0.02273133026335896
121,0.09770577479325061,0.8718911541813448,0.03040307102540461
122,0.027823489735215298,0.9682636794287491,0.003912830836035566
123,0.1740397758712524,0.7970965874727146,0.028863636656032983
124,0.036691727543914976,0.9553220513580326,0.007986221098052415
125,0.011151792422962867,0.9880327760595149,0.0008154315175222379
126,0.025217479334868845,0.9613623049907203,0.01342021567441087
127,0.24515841299113195,0.6627209529135928,0.09212063409527527
128,0.10893319099811277,0.8591959619142532,0.03187084708763405
129,0.20395100221616383,0.7361724016339191,0.05987659614991711
130,0.07590679232273531,0.9074966017599183,0.016596605917346376
131,0.01691364985408493,0.9812325974626607,0.001853752683254396
132,0.06260603466134432,0.9247713077911277,0.012622657547527984
133,0.18495408463682117,0.7216429843560435,0.09340293100713536
134,0.22295204104300131,0.7015627026100427,0.07548525634695598
135,0.2886300001623002,0.6209987358309984,0.09037126400670134
136,0.12360917287073614,0.8304580802291107,0.04593274690015315
137,0.02583182812564295,0.9653583853401378,0.008809786534219205
138,0.08883107554983259,0.8893816424996418,0.021787281950525608
139,0.03483423524356595,0.954592136693495,0.010573628062939088
140,0.10047353816650943,0.8729509772081071,0.026575484625383464
141,0.12068642700984338,0.8393904050029022,0.03992316798725444
142,0.02312373628327148,0.9683451437216428,0.0085311199950857
143,0.016236981882638415,0.9768364351135294,0.006926583003832229
144,0.0428556181303682,0.9473793422282217,0.009765039641410069
145,0.00969394359534549,0.9886717562006087,0.0016343002040458562
146,0.07979834160356215,0.8958465907385613,0.02435506765787653
147,0.13415810763614766,0.8402988856125917,0.025543006751260634
148,0.0041415876550161814,0.995548025801025,0.00031038654395884694
149,0.01318877334821248,0.9850530043149428,0.0017582223368447162
150,0.04376531094667503,0.9444343063096116,0.011800382743713408
151,0.09567850394057681,0.6737320819374929,0.2305894141219303
152,0.0327564443827075,0.9473499413915415,0.019893614225751
153,0.14246810874500704,0.8066203845292412,0.05091150672575173
154,0.09828450571391112,0.8664207593771939,0.035294734908895
155,0.12980691198576802,0.837098990062203,0.033094097952028965
156,0.1429321188231466,0.833792463455217,0.023275417721636424
157,0.020012748305612543,0.977102845438397,0.0028844062559904744
158,0.031920958473918286,0.9627331959893565,0.0053458455367252425
159,0.0034402864552346927,0.995683172200639,0.0008765413441263524
160,0.019531479082104012,0.9772367251263323,0.003231795791563683
161,0.07169547410546151,0.9165322978438298,0.011772228050708648
162,0.05178518949552942,0.9429116304818101,0.00530318002266043
163,0.04370483218980904,0.9470635746840318,0.009231593126159164
164,0.0517700719857776,0.9262416990033333,0.021988229010889097
165,0.2996520141803747,0.6356136080384202,0.06473437778120517
166,0.03891120835199821,0.9497375384582435,0.011351253189758295
167,0.24482270533078865,0.719372883355699,0.035804411313512294
168,0.06884335677051438,0.9041536104277261,0.02700303280175949
169,0.028747380347750026,0.9657578398166504,0.005494779835599554
170,0.15232175478726426,0.8113200918800396,0.036358153332696125
171,0.022743911467327804,0.9705713730612173,0.0066847154714548725
172,0.0685768726109971,0.9207612560276074,0.010661871361395518
173,0.5237641875709149,0.0,0.476235812429085
174,0.1899988733739084,0.6802015138502495,0.1297996127758421
175,0.2053283847926054,0.6950065978261981,0.09966501738119647
176,0.13969414212809728,0.7855497627793574,0.07475609509254533
177,0.031034288767479393,0.9626999552515886,0.00626575598093203
178,0.05995309750809727,0.9177202713268313,0.022326631165071414
179,0.26248056903481576,0.6859007386181485,0.05161869234703574
180,0.03204817250738823,0.9630290919277299,0.004922735564881873
181,0.10097111470004465,0.8709828442273039,0.028046041072651472
182,0.10093959523921436,0.8589343487371499,0.04012605602363572
183,0.07975025549175738,0.909312856157848,0.010936888350394667
184,0.010456583532424719,0.9879333260441218,0.001610090423453519
185,0.06738249879907635,0.9263548392901222,0.006262661910801458
186,0.03011932491005029,0.9637043501658937,0.006176324924055978
187,0.05301202231392775,0.9366214912658725,0.010366486420199788
188,0.09232242129402489,0.8877681194430946,0.019909459262880472
189,0.18006326602993492,0.7577941899771256,0.062142543992939524
190,0.07174902757402023,0.902565294418445,0.025685678007534754
191,0.11342727153927448,0.6547243165749494,0.23184841188577607
192,0.100881962737435,0.845486768111375,0.053631269151189986
193,0.017199231295603183,0.975254412694555,0.007546356009841778
194,0.08778737350908329,0.8822673679779399,0.029945258512976785
195,0.05816192238985048,0.9353341003702696,0.006503977239879865
196,0.058310063160373085,0.922526847361409,0.01916308947821792
197,0.0640704229512189,0.921875534987689,0.014054042061092061
198,0.05352596731158087,0.9307124360129733,0.01576159667544586
199,0.005182560848016127,0.9945449995423459,0.0002724396096379972
200,0.18378551436629836,0.48805918003239607,0.3281553056013055
201,0.04798604334425488,0.94114950757694,0.010864449078805074
202,0.13146128022564188,0.8392787015587326,0.029260018215625492
203,0.15062973312176225,0.7822737949724523,0.06709647190578545
204,0.130984820410402,0.8267552789451317,0.04225990064446634
205,0.7884164023880795,0.0,0.21158359761192053
206,0.17408636087502077,0.7606629793954115,0.06525065972956774
207,0.18440833830169268,0.7498867833482736,0.06570487835003368
208,0.2984904442405518,0.6077676251388742,0.09374193062057401
209,0.048284083364620714,0.9428227040493199,0.00889321258605939
210,0.06613171175297579,0.9234321782385458,0.01043611000847837
211,0.055199811496670026,0.918815149405301,0.02598503909802902
212,0.044949929007097746,0.9472438600360528,0.007806210956849491
213,0.12127690903033678,0.8408554610817895,0.03786762988787367
214,0.01786108659063906,0.9777954929629619,0.0043434204463990754
215,0.043494031394699255,0.9467526022907098,0.009753366314590959
216,0.12857163883214567,0.8368248412884737,0.03460351987938064
217,0.08067509184900161,0.898185452245127,0.021139455905871365
218,0.2982535822210348,0.6224072446608622,0.07933917311810301
219,0.15345413242908743,0.7973005515279046,0.04924531604300799
220,0.17914582988885086,0.7775658832924488,0.04328828681870035
221,0.17060184959602126,0.7893075576241966,0.04009059277978215
222,0.07405161222299059,0.9091584960786623,0.01678989169834713
223,0.11234069567662341,0.8574596914878285,0.030199612835548062
224,0.03807568065874924,0.9541626572280716,0.00776166211317917
225,0.05878555947947298,0.9283174181307907,0.0128970223897363
226,0.027768621182274297,0.9685402697070241,0.003691109110701588
227,0.03937363114505598,0.9518109340138208,0.008815434841123246
228,0.01568707061021465,0.9834394497463352,0.0008734796434501123
229,0.07411622953169582,0.9066585847109823,0.019225185757321923
230,0.0751586793350284,0.8891115284808118,0.035729792184159836
231,0.16430702644816012,0.7884547510672679,0.04723822248457196
232,0.051936264431924554,0.9397901178972747,0.00827361767080071
233,0.10715613738416854,0.8670517878282165,0.025792074787615006
234,0.12992696732042747,0.8464044169257445,0.023668615753828
235,0.07053019206161365,0.9146613747235837,0.014808433214802687
236,0.0062588742032462005,0.992789045522424,0.0009520802743298252
237,0.04205784341976285,0.9509428873306072,0.006999269249629989
238,0.0928714208938703,0.8836658595941016,0.02346271951202811
239,0.028351637337209114,0.9651684493995526,0.006479913263238287
240,0.06105338006426311,0.9190713221008394,0.019875297834897474
241,0.025367890578894742,0.9704557283025088,0.004176381118596444
242,0.022842752831393306,0.9721703202934885,0.004986926875118206
243,0.03683941708905093,0.9542975946233223,0.008862988287626756
244,0.07056127564972911,0.9193560393099496,0.010082685040321306
245,0.017264833372974037,0.9793447547194348,0.003390411907591133
246,0.03928080921929708,0.9539007139706124,0.006818476810090542
247,0.06125144670056394,0.9247840933854977,0.013964459913938344
248,0.03523485316673826,0.9500518590644855,0.014713287768776215
249,0.07882603216495478,0.9023827081262448,0.01879125970880045
250,0.05785992227172872,0.9325453829113786,0.009594694816892723
251,0.0002912609848463776,0.9982379737215414,0.001470765293612184
252,0.010741303117286832,0.9873055515459426,0.0019531453367705957
253,0.04482024250943705,0.9437367090201374,0.011443048470425548
254,0.09954878646203294,0.8740323781630834,0.026418835374883626
255,0.0909894071715102,0.8150492855833662,0.0939613072451236
256,0.021288240834625275,0.9691299816469598,0.009581777518414877
257,0.020148535241840758,0.9744191141031758,0.005432350654983409
258,0.049517817678986234,0.9426373789933865,0.00784480332762726
259,0.07178053682542408,0.9117820360533202,0.016437427121255715
260,0.01710333896158977,0.9745493004081747,0.008347360630235562
261,0.06255041580740456,0.9244798556498751,0.012969728542720323
262,0.01114210821615982,0.9872594848648041,0.0015984069190360978
263,0.036584842860996336,0.9562482775185807,0.007166879620423004
264,0.08388539097257382,0.9078027626855744,0.008311846341851828
265,0.025483199639888467,0.9705556480037075,0.003961152356404008
266,0.15804173629175156,0.7928444323369017,0.049113831371346735
267,0.05641527014109411,0.9113032700791153,0.03228145977979062
268,0.07873176679100444,0.8868217584625117,0.034446474746483914
269,0.004293580057948417,0.99295951831825,0.0027469016238015603
270,0.05191034337017707,0.9249316022939619,0.023158054335861062
271,0.07128467725594431,0.9087122722265453,0.020003050517510425
272,0.0630289678155895,0.9205039017127024,0.016467130471708145
273,0.13377911885245636,0.8468729430865255,0.019347938061018154
274,0.009234236659217404,0.988535447131431,0.0022303162093515513
275,0.025795361990103752,0.9679381508091474,0.006266487200748893
276,0.06491059282555182,0.9117321805222875,0.02335722665216063
277,0.13710264905943467,0.8216611664938975,0.0412361844466678
278,0.03356107684167574,0.9572230075311849,0.009215915627139314
279,0.03742217358262144,0.950477159400672,0.01210066701670655
280,0.1311767174400657,0.8419141954866385,0.02690908707329582
281,0.07257119255812088,0.9040239422593681,0.02340486518251102
282,0.022991255373219263,0.9718645296288861,0.0051442149978945945
283,0.11695942724593086,0.8537592385216357,0.029281334232433433
284,0.03312371850482583,0.9610783240137617,0.005797957481412475
285,0.01989912317789318,0.9780024897508783,0.0020983870712284842
286,0.0809621565856668,0.8979057187085173,0.021132124705815873
287,0.0041173291901845386,0.9953293660023478,0.0005533048074676798
288,0.07865991775079768,0.897280877615314,0.024059204633888262
289,0.1279564520060412,0.8303019196993304,0.04174162829462837
290,0.09011839106986386,0.882709593193522,0.027172015736614097
291,0.02899004908902892,0.9654246799026788,0.005585271008292307
292,0.03054362722647062,0.9516538987463271,0.01780247402720227
293,0.11590108966039041,0.860746636300281,0.023352274039328557
294,0.8207698083454381,0.0,0.17923019165456192
295,0.12741172669868497,0.8224581788595556,0.050130094441759386
296,0.1591046988491517,0.7689622464093296,0.07193305474151865
297,0.03461251783742611,0.9557035688148815,0.009683913347692393
298,0.10669011594979205,0.8597920547853992,0.03351782926480873
299,0.19473491629706885,0.0,0.8052650837029312
300,0.5577163770591771,0.12345915530431238,0.31882446763651057
301,0.1677579527699927,0.6845621254894548,0.14767992174055247
302,0.049477444352680935,0.9363910008424162,0.014131554804902843
303,0.11041361404232228,0.8432848625356447,0.04630152342203301
304,0.13692051245058573,0.8376532480253972,0.025426239524017062
305,0.0426190789360026,0.949214413675618,0.008166507388379414
306,0.02988575993215345,0.9649867298825386,0.00512751018530791
307,0.005363263194135392,0.993208688179148,0.0014280486267166275
308,0.026838580193273568,0.9647124250688279,0.008448994737898504
309,0.05558347001172204,0.9339320837030016,0.010484446285276332
310,0.00913509759642314,0.9871918840904171,0.0036730183131597227
311,0.055046275345798396,0.9253802498843706,0.019573474769830984
312,0.010224042317963302,0.9862199711830317,0.003555986499004968
313,0.026230752537247028,0.9663160782029584,0.007453169259794576
314,0.01754144687346307,0.9794120561237423,0.003046497002794658
315,0.028395270005850008,0.9669453511829761,0.004659378811173903
316,0.18710409938351888,0.7498770337019832,0.0630188669144979
317,0.04292552684699346,0.9483039190546615,0.008770554098345049
318,0.22897095730159395,0.6965183195822358,0.07451072311617031
319,0.2715135550339264,0.6101559155496115,0.11833052941646217
320,0.06853119511589606,0.9029908920501155,0.02847791283398842
321,0.04388068598471243,0.9376961826686235,0.018423131346664033
322,0.07674597345043291,0.9032428484754735,0.020011178074093548
323,0.03246770778842879,0.9649596843665635,0.002572607845007669
324,0.030531858212364607,0.9597305656338846,0.0097375761537508
325,0.026983332711334525,0.964289551510672,0.008727115777993504
326,0.06278932601410141,0.9171753439140876,0.020035330071810978
327,0.14183050999521302,0.7879122509846306,0.0702572390201564
328,0.12156328904853142,0.8543023472021362,0.024134363749332415
329,0.09548046916631302,0.8781263065864578,0.026393224247229133
330,0.06599991205588324,0.9156773928669822,0.018322695077134528
331,0.021005179098586495,0.9752170309645461,0.0037777899368673542
332,0.08759145572859599,0.8865877566942151,0.025820787577188933
333,0.07895104314667203,0.9057864048041399,0.015262552049188114
334,0.03476780836633015,0.9584301173240306,0.006802074309639246
335,0.027314784590892028,0.9654349664697713,0.007250248939336634
336,0.05521447451224919,0.9191335525693154,0.025651972918435417
337,0.06896696959894755,0.9211224559587441,0.009910574442308367
338,0.008826292227673562,0.9887350324842061,0.002438675288120305
339,0.20727308342943504,0.7402715906935328,0.0524553258770322
340,0.11306871289028025,0.8504544111864099,0.036476875923309886
341,0.05794399547474606,0.9183801963201075,0.023675808205146465
342,0.21455450104667673,0.7180546013579476,0.06739089759537563
343,0.05599477873738808,0.9286083203947224,0.015396900867889508
344,0.0493060098467121,0.9310656499529919,0.019628340200295993
345,0.022288493708613,0.971945980824352,0.005765525467034979
346,0.042949505168829005,0.9473263764664409,0.009724118364730087
347,0.09001869738326562,0.8601801171879635,0.049801185428770885
348,0.0164139143054627,0.9806269858262981,0.002959099868239152
349,0.0175058444832391,0.9810840452839656,0.0014101102327952544
350,0.1393728764601912,0.47479286804411985,0.385834255495689
351,0.0511044087690424,0.9323897071237248,0.016505884107232777
352,0.1943292209910352,0.7457513057942401,0.059919473214724704
353,0.06957162145013697,0.9081386908066198,0.022289687743243233
354,0.20746047484218122,0.7222975435148913,0.0702419816429275
355,0.13706787669657886,0.8268942725883972,0.03603785071502394
356,0.17848769629673225,0.7792201373074312,0.04229216639583652
357,0.11243165656441566,0.8695386269079574,0.01802971652762699
358,0.056133576646986344,0.9348200127352004,0.009046410617813222
359,0.1705772074770526,0.7817033009730416,0.04771949154990576
360,0.041372218000865595,0.9512710299435931,0.007356752055541265
361,0.15540619829438349,0.8141320160360876,0.03046178566952886
362,0.03256394157932718,0.9536306771681032,0.013805381252569584
363,0.0625986557728138,0.9235146512569651,0.013886692970221116
364,0.048928517997299116,0.9427271594401819,0.008344322562518956
365,0.05436231852519095,0.9301384090368451,0.015499272437963965
366,0.14648129212873545,0.8105773609945726,0.04294134687669199
367,0.046244097342148203,0.9412547126335447,0.01250119002430714
368,0.10725236190683879,0.8603275172337679,0.03242012085939333
369,0.0887417517780199,0.8960902452281215,0.015168002993858561
370,0.09693178657689211,0.8773244257661827,0.02574378765692515
371,0.03772859620614269,0.956108730738591,0.0061626730552662694
372,0.12472706259955403,0.8490586251049073,0.02621431229553871
373,0.07863092478351302,0.8993078253139988,0.0220612499024882
374,0.024410394134246505,0.9622884755654257,0.013301130300327755
375,0.08699756601049924,0.8887224607173467,0.024279973272154025
376,0.0061558949808780145,0.9918624186506895,0.0019816863684325153
377,0.1594517439528352,0.7626014942410686,0.0779467618060962
378,0.3989283120765396,0.42213288617180766,0.17893880175165272
379,0.02719829686665259,0.9647472711669126,0.008054431966434798
380,0.133145313403348,0.8288247157030794,0.03802997089357264
381,0.037002973257113415,0.9504872589674078,0.012509767775478764
382,1.0,0.0,0.0
383,0.8336223601504094,0.0,0.16637763984959067
384,0.05496467084595957,0.932275650194668,0.01275967895937247
385,0.08728016433447107,0.896282838954533,0.016436996710995952
386,0.032492644158174745,0.964127314824177,0.0033800410176482365
387,0.26406503534449477,0.671103604680559,0.06483135997494627
388,0.19194570071283468,0.7555652024049653,0.05248909688220005
389,0.16123078470377245,0.7573693942462076,0.0813998210500199
390,0.053905442958267935,0.9356912608553455,0.01040329618638658
391,0.2462835581918684,0.6966846254206871,0.0570318163874445
392,0.18235821193578805,0.7777853475704313,0.03985644049378069
393,0.04147713575936391,0.9480788828257883,0.010443981414847753
394,0.05726815925354543,0.9295615329867835,0.013170307759671117
395,0.06482987038557991,0.9209690023930799,0.014201127221340207
396,0.13086875731942316,0.8002563537576594,0.06887488892291749
397,0.05539073615489147,0.9346788007419088,0.009930463103199737
398,0.013155661560255336,0.9861080030664697,0.0007363353732749344
399,0.06794995858036175,0.9209461855976944,0.01110385582194388
400,0.06469752709828192,0.9130211455898212,0.022281327311896918
401,0.03239942094931826,0.9600285619224015,0.007572017128280245
402,0.030655271092463795,0.9533054377967393,0.01603929111079694
403,0.036146109577143634,0.9581183574992889,0.0057355329235675035
404,0.031816354456463726,0.961614673936845,0.006568971606691308
405,0.08405029900505259,0.8886655656282133,0.027284135366734096
406,0.01587215395303409,0.9816783519490182,0.0024494940979477076
407,0.03164063810000931,0.9628933060492686,0.005466055850722097
408,0.170870766620147,0.7894430053802496,0.03968622799960341
409,0.2619883553268583,0.6117050571423112,0.12630658753083052
410,0.06888601153891566,0.910601517127195,0.0205124713338894
411,0.09199854435816478,0.8890817635188417,0.018919692122993506
412,0.13888645099489494,0.831728259173929,0.029385289831176054
413,0.0335721310783118,0.9590930679929541,0.007334800928734074
414,0.017198265215463786,0.9802297334277602,0.0025720013567760045
415,0.03435748102512104,0.9587526636200949,0.006889855354784032
416,0.777594966804291,0.0,0.2224050331957091
417,0.17811206669162827,0.7889460040628262,0.032941929245545516
418,0.11622497584022265,0.8587171253878607,0.02505789877191663
419,0.12620815271426455,0.847393375763485,0.026398471522250496
420,0.09645368361612414,0.8856017480282584,0.017944568355617446
421,0.07344365031577946,0.9097889776961412,0.016767371988079347
422,0.0741981817809065,0.910798589213678,0.015003229005415553
423,0.10907936065851173,0.8664594629258112,0.024461176415677053
424,0.07897750269619017,0.9042444480102793,0.016778049293530585
425,0.086761512685475,0.878787931018616,0.03445055629590904
426,0.08231147087362695,0.9026365013296948,0.015052027796678299
427,0.038656667881762447,0.9510035922145499,0.010339739903687669
428,0.04062143182395426,0.950420011874172,0.008958556301873718
429,0.015696005731494263,0.9821479657630704,0.002156028505435341
430,0.1893237662257924,0.781791922197085,0.02888431157712256
431,0.03495165378690497,0.9558692943816102,0.009179051831484857
432,0.03564720503346445,0.9550695717983674,0.009283223168168172
433,0.198314181100917,0.6465059336778052,0.15517988522127782
434,0.13765296444092828,0.8228320528719117,0.039514982687159965
435,0.17041753192988282,0.7787723733358849,0.05081009473423229
436,0.05369534425000695,0.9325881306186237,0.013716525131369377
437,0.09967136571809085,0.8760020314236119,0.024326602858297266
438,0.11594393212348617,0.833688434920622,0.05036763295589188
439,0.09883913101998,0.872674770702503,0.02848609827751701
440,0.05426727335611142,0.9374295458119541,0.008303180831934435
441,0.055764943258809846,0.9325502058198094,0.011684850921380744
442,0.12064371827283124,0.8588496798847568,0.02050660184241196
443,0.058383455072593946,0.9302874226738909,0.011329122253515195
444,0.06569388515255811,0.919712365907113,0.014593748940328858
445,0.1393527514803582,0.8262200319407211,0.034427216578920665
446,0.2539823430924323,0.6746291075238956,0.07138854938367209
447,0.015978950059188264,0.979505007817107,0.004516042123704703
448,0.023320069816558667,0.9748615335295756,0.0018183966538657254
449,0.059011449507511374,0.9241922681588602,0.016796282333628385
450,0.0443327444253094,0.9432536611656649,0.012413594409025711
451,0.08303356722505448,0.9017003742941554,0.015266058480790129
452,0.0570710025294101,0.9396174285948674,0.0033115688757224897
453,0.030432674558803923,0.9613061382559177,0.008261187185278369
454,0.0969775046943964,0.8832003410125427,0.019822154293060855
455,0.00490942537606629,0.9944949497946337,0.0005956248293000003
456,0.044195646330880536,0.9306555274321104,0.02514882623700902
457,0.03289050444787509,0.9585324391239194,0.00857705642820552
458,0.11751435649526122,0.8001906091675083,0.0822950343372305
459,0.08683954046136552,0.8958013535538467,0.017359105984787758
460,0.09177456839550266,0.8827298539690647,0.025495577635432663
461,0.1802655486956855,0.7257751559156667,0.09395929538864782
462,0.11629755833849778,0.8457609677376068,0.037941473923895436
463,0.08788689866801071,0.8842455937403646,0.02786750759162469
464,0.03500445866073079,0.9558301901798388,0.009165351159430377
465,0.04018166964334896,0.9449984335588351,0.01481989679781598
466,0.03286928565265762,0.9587909344883935,0.008339779858948905
467,0.1518561420210025,0.7996884701106857,0.04845538786831184
468,0.07430474495936881,0.9108874473133565,0.014807807727274719
469,0.034112284582235766,0.9589934425176718,0.006894272900092413
470,0.05019132939610476,0.945211070320079,0.004597600283816235
471,0.04704594138095218,0.9401418646380514,0.01281219398099644
472,0.059485688201338906,0.9248658261901996,0.01564848560846146
473,0.07306270881297956,0.8889607088894041,0.03797658229761629
474,0.8937892299947964,0.0,0.1062107700052036
475,0.16311580278070387,0.7925992106753175,0.044284986543978666
476,0.1310196865143319,0.8261406105453506,0.04283970294031749
477,0.052783555370439675,0.9318384243384902,0.015378020291070145
478,0.022661067971036723,0.9734771414078992,0.003861790621064073
479,0.005872458436703773,0.9928898755918234,0.0012376659714728269
480,0.04626363605121542,0.9440530422731801,0.009683321675604484
481,0.08944958523174441,0.896220039067003,0.014330375701252599
482,0.024255262947274866,0.9699306840483226,0.005814053004402522
483,0.009182794066582024,0.9888582107984882,0.0019589951349297413
484,0.03425057975801615,0.9554224004630801,0.010327019778903709
485,0.017248866809431863,0.979900503799942,0.002850629390626155
486,0.019259179661624343,0.9775100715029716,0.003230748835404012
487,0.0498908669810205,0.9428449315098677,0.007264201509111801
488,0.08629424179241302,0.8832351714348726,0.030470586772714366
489,0.08155180656391309,0.8990013124695221,0.019446880966564824
490,0.035955893997327515,0.9576145427798871,0.006429563222785371
491,0.739593076755799,0.0,0.26040692324420106
492,0.12653512242509654,0.8462684391111089,0.027196438463794527
493,0.19990891679904002,0.7456708630255138,0.054420220175446204
494,0.04302787398744204,0.94402176476623,0.012950361246327952
495,0.10910471096630067,0.8520185595530809,0.038876729480618405
496,0.09306148512034866,0.8955525802775932,0.011385934602058126
497,0.01624041179384432,0.9821638022562398,0.0015957859499158978
498,0.04314821289718792,0.950344774971936,0.0065070121308760465
499,0.08927129274418151,0.8975647395728984,0.013163967682920094
500,0.03181767777833669,0.9617527178586043,0.006429604363059033
501,0.11409559755513246,0.874300986339052,0.011603416105815587
502,0.049886087946616024,0.9245601079423457,0.02555380411103831
503,0.07094318161990083,0.9153119109871443,0.013744907392954909
504,0.16170422867783793,0.8092157951214884,0.02907997620067363
505,0.06126063051997009,0.924477131038533,0.014262238441496895
506,0.45429058244955084,0.4369279523889278,0.10878146516152137
507,0.3214714536061427,0.44568570759428033,0.2328428387995769
508,0.5096723886819312,0.012332378949020322,0.4779952323690485
509,0.3256890195407145,0.4195331867132387,0.2547777937460468
510,0.3566659361961563,0.0,0.6433340638038437
511,0.25131564830486575,0.5285294196863481,0.22015493200878608
512,0.43921305160213286,0.0,0.5607869483978671
513,0.07501077834036303,0.9009965715865668,0.023992650073070203
514,0.1152253976453973,0.8393364244935998,0.045438177861002904
515,0.3033026639457991,0.6378088901349627,0.058888445919238225
516,0.12051221887130391,0.8565215710294427,0.022966210099253384
517,0.12728974480105565,0.8520758606569337,0.020634394542010617
518,0.013884697839023408,0.9837874739853488,0.0023278281756277668
519,0.05212700644541427,0.9422938306361419,0.005579162918443813
520,0.02384951896486245,0.9697724610934123,0.006378019941725242
521,0.03902654621532363,0.9428692329506339,0.018104220834042516
522,0.10781204199726802,0.8453732715888261,0.04681468641390585
523,0.11944768717059105,0.8329127767884321,0.04763953604097683
524,0.12617054078781004,0.8427111024575491,0.031118356754640863
525,0.03682214312548215,0.9586530503931112,0.004524806481406638
526,0.02797249441507106,0.9645323320859351,0.0074951734989937985
527,0.1000064827058577,0.7967163205714523,0.10327719672269005
528,0.0005930238406089833,0.9981098765169778,0.0012970996424132158
529,0.06139059017924958,0.925871915215528,0.012737494605222388
530,0.06314646859958188,0.9312707661449956,0.005582765255422516
531,0.10530210617360346,0.8744105525927788,0.020287341233617768
532,0.07501581785693039,0.9073587934731183,0.017625388669951295
533,0.032468504437109344,0.9600527606781875,0.0074787348847032
534,0.013252929658346171,0.9833700099668178,0.0033770603748360475
535,0.09731795477378666,0.8786695428773607,0.02401250234885269
536,0.04591388152497368,0.9395297418320107,0.014556376643015661
537,0.08272352316081003,0.90157460940793,0.015701867431259987
538,0.18908131680512463,0.7636096876877919,0.047308995507083444
539,0.40605451010554205,0.46766891449947845,0.12627657539497952
540,1.0,0.0,0.0
541,0.15455605625562843,0.8024936991377292,0.042950244606642395
542,0.18601240265057234,0.6535216467959688,0.16046595055345886
543,0.1536169261274541,0.8143073538820325,0.03207571999051346
544,0.05558549966330472,0.9222695009477624,0.02214499938893289
545,0.008650685256801635,0.9895665756024465,0.001782739140751824
546,0.032049168430722454,0.9618595547201743,0.006091276849103285
547,0.07480652420391973,0.8806270749383449,0.04456640085773537
548,0.08743638844702342,0.9006918670245366,0.011871744528439955
549,0.028087924199292204,0.9703700341916773,0.001542041609030463
550,0.054193303649642866,0.9344184813524109,0.011388214997946233
551,0.015303160526201077,0.9776890572628734,0.007007782210925561
552,0.02245795057411687,0.9711611535174322,0.006380895908450977
553,0.04556172018200773,0.9517792289722835,0.002659050845708766
554,0.05286127806258563,0.9359880577048375,0.011150664232576865
555,0.15392058417087065,0.789039547336004,0.05703986849312533
556,0.05335253853233887,0.9269615216911415,0.01968593977651958
557,0.0002912609848463776,0.9982379737215414,0.001470765293612184
558,0.28816863113682656,0.640005140152299,0.0718262287108744
559,0.1137431697331991,0.8624710884397357,0.023785741827065155
560,1.0,0.0,0.0
561,0.18993738892471182,0.7166590868115915,0.09340352426369666
562,0.1431847887662342,0.7732673778164466,0.08354783341731921
563,0.43304898114661206,0.0,0.566951018853388
564,0.12176352640398361,0.8297100682771494,0.048526405318866955
565,0.13414163265213444,0.7974121801335472,0.06844618721431836
566,0.12255160712147053,0.8415442362349942,0.03590415664353527
567,0.17352681896766461,0.7726171640097677,0.05385601702256773
568,0.12205092876878235,0.8517556615180083,0.02619340971320936
569,0.04495754871766723,0.9413129473077583,0.013729503974574498
570,0.03597029822983877,0.9575642344605274,0.0064654673096338185
571,0.06960810798680832,0.9106431118101819,0.019748780203009807
572,0.04606268573393159,0.9491472897351815,0.004790024530886934
573,0.1292850689860849,0.826427657893398,0.044287273120517084
574,0.08562509910761389,0.8888913852117623,0.025483515680623865
575,0.027142888096537088,0.9689431814347597,0.003913930468703253
576,0.028955852086142347,0.9656831952729099,0.00536095264094774
577,0.024591837725912606,0.9739996706209958,0.0014084916530916003
578,0.0253551488483856,0.9670362360527456,0.007608615098868824
579,0.02630829061950763,0.9674607688789278,0.006230940501564525
580,0.15942907958011757,0.8027901547081467,0.03778076571173569
581,0.25992226242614974,0.6482305927406541,0.09184714483319617
582,0.015196282290491326,0.9810376828127831,0.003766034896725534
583,0.07422570684932922,0.9099495585896019,0.015824734561068872
584,0.016692345713165795,0.9793559401535868,0.003951714133247358
585,0.05424543844234966,0.9251278763313372,0.020626685226313148
586,0.009638402956114714,0.9881744523471041,0.0021871446967811816
587,0.9485463050640605,0.0,0.05145369493593957
588,0.026999687436738466,0.9683644280918645,0.0046358844713970185
589,0.054671902375527076,0.9275543376836155,0.017773759940857423
590,0.0013952553958633343,0.9984341368207489,0.00017060778338778032
591,0.001481469832895542,0.9983762866729256,0.00014224349417890777
592,0.030377588519816565,0.9653133093087632,0.00430910217142019
593,0.16694618321000151,0.7871453558581976,0.04590846093180093
594,0.03680433811783625,0.9567442858855402,0.0064513759966235845
595,0.051771205399697984,0.9389623750541309,0.009266419546171075
596,0.16334801771499696,0.7875100658364435,0.04914191644855958
597,0.03462789764721089,0.9542601907835779,0.01111191156921118
598,0.032933929403370504,0.957737032154744,0.009329038441885457
599,0.03858499402303741,0.9496186349167359,0.011796371060226666
600,0.0615785092701319,0.918785868706947,0.019635622022921094
601,0.08737297222911872,0.8764714203161976,0.03615560745468365
602,0.024012092736713047,0.9694192864755045,0.006568620787782494
603,0.053270386499058194,0.9113620848888648,0.035367528612076975
604,0.10034365852247548,0.8707363878899094,0.02891995358761515
605,0.06188732184421624,0.9194926734266741,0.018620004729109692
606,0.03546270325030587,0.9557244797504724,0.008812816999221762
607,0.04848701758126208,0.9344475885722465,0.017065393846491396
608,0.01346397257358974,0.9832403694402033,0.0032956579862069395
609,0.08192350495801178,0.8975473320286175,0.020529163013370752
610,0.0920858609252292,0.8783401404104121,0.029573998664358715
611,0.285916851437301,0.6284522320573088,0.08563091650539018
612,0.08545648134926453,0.8931426378837025,0.02140088076703294
613,0.11786280130350424,0.8038800015271483,0.07825719716934743
614,0.02064334364838498,0.9743193738500386,0.00503728250157638
615,0.13155775772447287,0.7988613023376852,0.06958093993784197
616,0.39888707611341145,0.14408812634698503,0.45702479753960346
617,0.09864541277066682,0.8726045361451717,0.028750051084161423
618,0.115160199128114,0.8381070833230772,0.04673271754880885
619,0.09613291898941755,0.8753681804123654,0.02849890059821704
620,0.05098230673446324,0.9385586897356009,0.010459003529935902
621,0.03929700340602216,0.9464666983883294,0.014236298205648427
622,0.036786159294886114,0.9565776364622233,0.00663620424289062
623,0.7233541070086265,0.0,0.27664589299137354
624,0.19888757174040694,0.0,0.8011124282595931
625,0.25590225567279584,0.5046814594714709,0.23941628485573324
626,0.37221426757581555,0.45191710126084567,0.17586863116333887
627,0.08196630249829065,0.8661191925076449,0.05191450499406445
628,0.16965785784378062,0.7523509359704675,0.07799120618575185
629,0.03337048813662794,0.9598303997631049,0.006799112100267145
630,0.04814854254288411,0.9429346066152091,0.008916850841906777
631,0.04102823016352557,0.9487219258056929,0.010249844030781507
632,0.08886292875020656,0.8859843098591464,0.025152761390646997
633,0.19070478274032368,0.7568970346066808,0.05239818265299554
634,0.04408817767631082,0.9469698086160429,0.008942013707646326
635,0.031172605074980684,0.9592076549410742,0.009619739983945132
636,0.22736925438768218,0.6516069296862691,0.12102381592604872
