node,p_I,p_S,p_R
0,0.0024146655655766587,0.9965264652807827,0.0010588691536406384
1,0.0007259369204969525,0.9985257177281872,0.0007483453513158355
2,0.0006795512957467592,0.9992111400216104,0.00010930868264286294
3,0.0029811815317535013,0.9955153906436063,0.0015034278246402193
4,0.007293828286621104,0.9903964899688116,0.0023096817445673185
5,0.004617057047926253,0.9944324614794177,0.000950481472656085
6,0.007953763056413002,0.9909591450219586,0.00108709192162841
7,0.005110252783795946,0.9936131460491973,0.0012766011670067947
8,0.001020929893069595,0.9989240283696613,5.504173726908419e-05
9,0.007281824533914542,0.9914159311840272,0.0013022442820583029
10,0.0026856072729232326,0.9966004909415163,0.0007139017855605081
11,0.0032931751086656144,0.9956238022350332,0.001083022656301168
12,0.002695407477314402,0.9964706270908257,0.0008339654318599199
13,0.00232398330215184,0.9968439541004499,0.0008320625973982572
14,0.0021879073845200215,0.9970772154506673,0.0007348771648126806
15,0.009814635077410393,0.9726812699211878,0.017504095001401855
16,0.01067960309855847,0.9882280984485678,0.0010922984528736821
17,0.003297557633441712,0.9951819909540315,0.001520451412526807
18,0.039934070070542824,0.953492553217733,0.006573376711724216
19,0.014032548249735712,0.9825379451566196,0.003429506593644658
20,0.010154460746555398,0.9870159985660873,0.0028295406873572525
21,0.013471968460604736,0.9831359676149234,0.0033920639244718748
22,0.005472086717343467,0.9936256497260918,0.0009022635565647361
23,0.005990820231221413,0.9924796125118095,0.0015295672569690926
24,0.00460450653612113,0.9924365462747617,0.002958947189117126
25,0.0010249622545130104,0.9981422607361146,0.000832777009372428
26,0.011026157462715585,0.9872228216247032,0.0017510209125812097
27,0.015578548724931548,0.9781468162003353,0.006274635074733173
28,1.0,0.0,0.0
29,0.006179406971671119,0.991690777027455,0.002129816000873875
30,0.0064336179702863434,0.9924457965250374,0.001120585504676263
31,0.0025849058556696794,0.9965651631586475,0.0008499309856828051
32,0.0039098710400423935,0.9935418812116148,0.002548247748342809
33,0.0004144542503804579,0.9987301941060645,0.0008553516435550916
34,0.0033500494908228146,0.9955709815393045,0.0010789689698727295
35,0.0013653484862322766,0.9973975553747234,0.0012370961390443132
36,0.000657596538164097,0.9986272238971057,0.0007151795647302271
37,0.0007620984021706694,0.9984519551271378,0.0007859464706915282
38,0.1090408137915716,0.8467097416656311,0.04424944454279734
39,0.016299024251005517,0.9785592360672101,0.005141739681784411
40,0.021333733949040964,0.9741847187666824,0.0044815472842765925
41,0.007389944432361548,0.9911009429519725,0.0015091126156659656
42,0.012570229735679908,0.9810285986148659,0.006401171649454183
43,0.005267406174559849,0.9935802059580069,0.001152387867433261
44,0.0017315149732503035,0.9964565954649531,0.0018118895617965645
45,0.005101364853146217,0.9934224109197011,0.0014762242271527124
46,0.006608795489269287,0.9914751873852748,0.001916017125455865
47,0.03367485799001622,0.9615528689840126,0.004772273025971184
48,0.004225214354266417,0.9949321984514153,0.0008425871943182435
49,0.010261236435681612,0.9881796883937463,0.0015590751705721294
50,0.012473608636851104,0.9826288845638459,0.0048975067993030025
51,0.014763863157356392,0.9805580418939905,0.004678094948653068
52,0.00489784863991183,0.9940477247969247,0.0010544265631634558
53,0.00227505481877919,0.9970353991013141,0.0006895460799066973
54,0.004304847909728129,0.9947084829741937,0.0009866691160781956
55,0.004323787089219342,0.993929960777869,0.0017462521329116654
56,0.00914576923249297,0.9892162977679547,0.0016379329995523078
57,0.004238082875026376,0.9943394532638251,0.0014224638611485116
58,0.0066690748331003046,0.9922515942763183,0.0010793308905814353
59,0.0024751271044078003,0.9970679310020496,0.00045694189354259846
60,0.009935759675093957,0.9883108776860697,0.0017533626388363105
61,0.00806638673403722,0.990346076111615,0.0015875371543478205
62,0.009485834976607203,0.9885877590826269,0.001926405940765936
63,0.01133402881354767,0.986201643803742,0.0024643273827103514
64,0.10894384984291153,0.8692053574010166,0.021850792756071914
65,0.01026928085450257,0.9874490049566116,0.0022817141888858434
66,0.006885110603918216,0.991625003254524,0.0014898861415578218
67,0.0035811632174186717,0.9954094723203412,0.0010093644622401685
68,0.0023141193769958754,0.9970155908883741,0.0006702897346300212
69,0.005866165674670857,0.9928021799017634,0.0013316544235656943
70,0.021612974555362176,0.9749112485236063,0.0034757769210314905
71,0.006529769829968489,0.9923803583482343,0.0010898718217971623
72,0.04273311397082122,0.9497285088349515,0.007538377194227259
73,0.02757835776458338,0.9634969331886818,0.008924709046734829
74,0.010535745995293846,0.9874272999951765,0.0020369540095296207
75,0.017664127814048004,0.979507482635965,0.002828389549987007
76,0.003097615946154519,0.9958236722291277,0.0010787118247177713
77,0.02423698655862632,0.9711275217877902,0.004635491653583521
78,0.0017587251087905235,0.9975509044968871,0.0006903703943223733
79,0.001397533932985129,0.9985241995156061,7.826655140875629e-05
80,0.0029132701971883697,0.9968232036587644,0.0002635261440472076
81,0.014355370599697489,0.9819885372812703,0.003656092119032177
82,0.0035479168828472757,0.9956789008861351,0.0007731822310176367
83,0.01037409871105524,0.9878128955486869,0.0018130057402578616
84,0.005997462114493763,0.9920430773070067,0.001959460578499544
85,0.0036035709548922178,0.9953695044410442,0.001026924604063565
86,0.004283638505148091,0.9952839259836824,0.0004324355111694822
87,0.0015804626392959594,0.9977488476983322,0.0006706896623718763
88,0.004460887113619719,0.9932256440360965,0.0023134688502838034
89,0.0089125588663445,0.9896414413395968,0.0014459997940587492
90,0.0031386215355523406,0.9961384332847603,0.0007229451796873984
91,0.0017259415558773983,0.9973977492634939,0.0008763091806287081
92,0.002915875951048575,0.9963265331446002,0.0007575909043512457
93,0.029964876401342433,0.9657552845113027,0.004279839087354907
94,0.007979700958385383,0.9889162412421243,0.003104057799490323
95,0.00960132331516207,0.9868489293527488,0.0035497473320891143
96,0.0017751046822274226,0.997490170161062,0.0007347251567105709
97,0.01822757703024326,0.9769569921298936,0.004815430839863121
98,0.005757933568393762,0.9924837750585934,0.0017582913730128172
99,0.19185256817277838,0.6795886370437507,0.1285587947834709
100,0.14475039538894768,0.7517270542395399,0.10352255037151242
101,0.06829657137898346,0.9049666050693139,0.02673682355170262
102,0.0041872326365515414,0.9947852863248035,0.001027481038645006
103,0.0036029149867519753,0.9956583682144949,0.000738716798753087
104,0.005984691603372822,0.9929855080836416,0.001029800312985568
105,0.004767376789538003,0.9942583024925006,0.0009743207179614183
106,0.009778016528577366,0.9882966425321624,0.0019253409392602048
107,0.005407299419062206,0.9933080246126692,0.0012846759682685893
108,0.17306565415383834,0.7511823955783031,0.07575195026785854
109,0.033494532342340205,0.9508792516050864,0.01562621605257344
110,0.0010882836821281565,0.9981345845365934,0.0007771317812784158
111,0.0033064738899311477,0.994928709379823,0.0017648167302458239
112,0.002116955265587632,0.9966787540297563,0.001204290704656115
113,0.0020290172700951825,0.9967092956913257,0.0012616870385791033
114,0.000728813800809436,0.9983415705551034,0.0009296156440871448
115,0.001187640316407911,0.9978663535831069,0.0009460061004851536
116,0.0022843789714838223,0.9969830477257078,0.0007325733028083949
117,0.004716478249481343,0.9894863659170159,0.00579715583350277
118,0.044017402714880936,0.9387335419644128,0.01724905532070623
119,0.006399024711504589,0.9918630601931242,0.001737915095371209
120,0.013448198535024476,0.9840907703104588,0.0024610311545167508
121,0.0052362593017524,0.9929358224694675,0.0018279182287800559
122,0.0009694521642113258,0.9985251503043752,0.00050539753141351
123,0.0072955790009669565,0.9915385390214472,0.0011658819775858696
124,0.0037456707059064804,0.9949850364724483,0.0012692928216452275
125,0.0003715353103761639,0.9990768107944599,0.0005516538951639675
126,0.0002145013002114534,0.9997697652344488,1.573346533972044e-05
127,0.004685089039289731,0.9943229166322564,0.0009919943284539092
128,0.014747018104627307,0.981055592080093,0.004197389815279728
129,0.013336719043889058,0.9839007041532296,0.0027625768028813314
130,0.018993649748995395,0.9769474138567185,0.004058936394286146
131,0.035974028427497674,0.9578708672865073,0.006155104285995051
132,0.00850167793390311,0.9892557252276388,0.002242596838458063
133,0.07409854763267047,0.9004232363847134,0.025478215982616084
134,0.047422903569745295,0.9453148876698232,0.007262208760431514
135,0.008997565946702712,0.9888880956419633,0.0021143384113339503
136,0.005044375065448208,0.99373833181496,0.0012172931195918286
137,0.0024271633292169545,0.9959807068452197,0.00159212982556338
138,0.004411622193326116,0.9945970319262998,0.0009913458803741046
139,0.002646916944203738,0.9969950328203682,0.00035805023542809667
140,0.00439736071392969,0.9947930266915141,0.0008096125945561614
141,0.0036123915271760467,0.9946981488112083,0.0016894596616156264
142,0.0007902376943862457,0.9983263193943658,0.0008834429112479744
143,0.002557757877272772,0.9963612486794272,0.001080993443300014
144,0.008333232956766792,0.9895667622014577,0.002100004841775536
145,0.001986244685907265,0.9975640674592392,0.0004496878548535342
146,0.057623658618401026,0.9360540361502437,0.006322305231355236
147,0.003842753291200081,0.9952441088191288,0.0009131378896710826
148,0.00033523658613226386,0.9987105166250481,0.0009542467888196747
149,0.002542097060661652,0.9966286285441361,0.0008292743952022063
150,0.003105635315493848,0.9957011089278189,0.001193255756687218
151,0.005541639760545012,0.99108407132235,0.0033742889171049974
152,0.002717349290355938,0.9963157113472743,0.0009669393623698043
153,0.016397560277315534,0.981866868685242,0.0017355710374424875
154,0.008444300543326474,0.989042698729409,0.0025130007272645507
155,0.00980049238535335,0.9882145134850048,0.001984994129641875
156,0.008460525396399292,0.990018230110592,0.00152124449300873
157,0.0020681003808324184,0.9973825872547034,0.0005493123644641695
158,0.003422891814393641,0.9957254560575736,0.0008516521280327932
159,0.0007339314721051155,0.9986677592929238,0.0005983092349710445
160,0.012116585149666025,0.9855290642808985,0.0023543505694354934
161,0.003558127513147602,0.9956083200044741,0.0008335524823783194
162,0.003171226734367006,0.9964593665994688,0.00036940666616422846
163,0.004110025049785857,0.9946863264818838,0.001203648468330323
164,0.0021386021897677704,0.9971407938000657,0.0007206040101665239
165,0.0026573850854799417,0.9966025160384078,0.0007400988761122878
166,0.0047155626041971484,0.9937750647799668,0.0015093726158360529
167,0.005019334437415487,0.9935955592108383,0.001385106351746205
168,0.002557254244985199,0.9972891902461651,0.0001535555088496651
169,0.0010360586345211564,0.9984918444292917,0.00047209693618711316
170,0.008864331829077787,0.9883155717725595,0.0028200963983627484
171,0.009457031640064723,0.9882498499492324,0.002293118410702904
172,0.002577503615426862,0.9964564188449688,0.0009660775396043105
173,0.004773386881916532,0.9941189029646015,0.0011077101534819867
174,0.0020645883220481082,0.9971961857211213,0.0007392259568305496
175,0.007551464117734815,0.990933475910426,0.0015150599718391647
176,0.003201537491029749,0.9961669212150019,0.0006315412939683076
177,0.0018819551353682128,0.9974370499489313,0.0006809949157004448
178,0.040327307822427334,0.9546824395955348,0.004990252582037881
179,0.025157007228579102,0.9692194280878884,0.005623564683532487
180,0.0038504623066976757,0.9952897830976934,0.0008597545956088765
181,0.013807572372433598,0.9809752450664458,0.005217182561120557
182,0.02823905512461486,0.9542922893890458,0.017468655486339385
183,0.004050539663776482,0.9948772254594235,0.0010722348768000425
184,0.00027936869530187,0.9989653800815326,0.0007552512231655576
185,0.0031004271997119083,0.9962594927108427,0.0006400800894454051
186,0.011623581522504142,0.9848746160624616,0.0035018024150342314
187,0.007065570370294356,0.9918060227531305,0.0011284068765751876
188,0.00963538897402751,0.9879315397659755,0.0024330712599970146
189,0.012026531376483957,0.9841521052141914,0.0038213634093246566
190,0.004753543314131209,0.9939598937540731,0.001286562931795671
191,0.024195756327972412,0.9662879283753787,0.009516315296648897
192,0.03527742656746542,0.9548136741764932,0.009908899256041371
193,0.0038147770195143043,0.9946972485850885,0.0014879743953972397
194,0.008276362846439714,0.9888618468804186,0.0028617902731417253
195,0.013104953891297025,0.98221574199979,0.004679304108912971
196,0.0020495533719102586,0.9971969850585533,0.0007534615695364878
197,0.003342161733191151,0.9959700850471871,0.0006877532196217563
198,0.01479846335560658,0.9811991265148561,0.00400241012953734
199,0.0011035146190473922,0.9981681048040368,0.0007283805769157701
200,0.02835463954614046,0.9674221192660377,0.004223241187821822
201,0.003635156526349232,0.9949886669853679,0.0013761764882828478
202,0.01638398888734979,0.9793665235412896,0.004249487571360597
203,0.005595240160127642,0.993181114119756,0.001223645720116399
204,0.03768606852632527,0.9517087788609772,0.010605152612697575
205,0.1508998667462308,0.721188127333962,0.12791200591980723
206,0.01620310554201562,0.9755824749645418,0.008214419493442624
207,0.022409843030490446,0.9739686343822922,0.0036215225872173558
208,0.005972344778687888,0.9928534980636121,0.0011741571576999953
209,0.003274355385213877,0.9961669654168765,0.0005586791979095742
210,0.03415412144626372,0.9624974416693263,0.0033484368844100094
211,0.007402701924975339,0.9908504668043024,0.0017468312707222176
212,0.0043353708757291436,0.9948040968942429,0.0008605322300279836
213,0.049611382807658116,0.9422200142949917,0.008168602897350191
214,0.002937279373776854,0.9958158844800243,0.0012468361461988077
215,0.0019270851830820229,0.9973536927282847,0.0007192220886333085
216,0.006687618402499765,0.9912665017734054,0.0020458798240948735
217,0.0034123481870987305,0.9955917067562856,0.0009959450566156592
218,0.00546378002859136,0.9933331387760784,0.0012030811953302125
219,0.012748083251870724,0.9823923445303581,0.004859572217771212
220,0.028364553859441415,0.9664939720816329,0.0051414740589256856
221,0.011986809373635166,0.9826590033944932,0.005354187231871644
222,0.003077699478938691,0.9954680372215224,0.0014542632995388697
223,0.012116221806482298,0.9848687899631825,0.003014988230335201
224,0.056744243030785416,0.9316373236659024,0.011618433303312232
225,0.006283961038506805,0.9924046742260292,0.0013113647354640137
226,0.0036367283626882693,0.9957137571613993,0.0006495144759124153
227,0.004459162480903462,0.9941015889888762,0.0014392485302202988
228,0.003708410352134691,0.994943187048161,0.0013484025997043275
229,0.014877599390945538,0.9693436634585667,0.015778737150487755
230,0.012898851529968556,0.9829991157035223,0.004102032766509169
231,0.007209027201207158,0.9906787878276343,0.002112184971158542
232,0.005389615842771641,0.9936210868728279,0.0009892972844004508
233,0.00468838941682242,0.9947137456986287,0.0005978648845488877
234,0.003506974462913463,0.9957978205821687,0.0006952049549178346
235,0.016953062531061564,0.9788794014744263,0.004167535994512123
236,0.00044998047515138763,0.9983924984656958,0.0011575210591528355
237,0.0007562488047393805,0.9982532478396903,0.0009905033555703475
238,0.005906092840946284,0.9925457884219483,0.0015481187371054219
239,0.002282725014008045,0.9971517025418983,0.0005655724440936223
240,0.034833404979299855,0.9582600179021712,0.006906577118528955
241,0.037525098790969214,0.9581822706057185,0.00429263060331231
242,0.0028420850272144653,0.9962639115865352,0.0008940033862503787
243,0.007636834387608671,0.9914877808356113,0.0008753847767800414
244,0.0021140619725405294,0.9961042253750731,0.0017817126523863218
245,0.003992337326131608,0.9909222831584208,0.0050853795154476005
246,0.007759350104020839,0.9895436129210697,0.002697036974909424
247,0.006756252578240036,0.9919448808987693,0.0012988665229906541
248,0.01599258434813656,0.9805412198914695,0.0034661957603939674
249,0.010742983658958007,0.9864151361853603,0.002841880155681739
250,0.0024175415933163726,0.9970473824313564,0.0005350759753272504
251,0.000480777711947971,0.998235883943684,0.0012833383443680187
252,0.0009701298443151812,0.9982540742985456,0.0007757958571391949
253,0.008287453766801248,0.9902316407790483,0.0014809054541504029
254,0.0036429454740828345,0.9956544171819407,0.0007026373439764668
255,0.013233138795019632,0.9822674562893037,0.004499404915676693
256,0.0016909411777037556,0.9972578484116389,0.0010512104106573524
257,0.005906210242684443,0.9914790402557847,0.002614749501530852
258,0.0018590599488909562,0.9973450537795324,0.0007958862715766238
259,0.0021731113099668145,0.9970728491567283,0.0007540395333048497
260,0.008253399673699846,0.9882864380283607,0.0034601622979394627
261,0.006675757509962676,0.9920552399867862,0.0012690025032510825
262,0.003970837657040194,0.9951070697171676,0.0009220926257922479
263,0.007412584755106661,0.9913650497184946,0.0012223655263987438
264,0.020976747947463383,0.9754592063318449,0.0035640457206917095
265,0.07779437748882437,0.913132141372868,0.009073481138307611
266,0.005577682438541226,0.99322394988194,0.0011983676795188137
267,0.03014516009927702,0.9646938535614231,0.005160986339299859
268,0.003922630025515957,0.9948655682697067,0.001211801704777308
269,0.0005378285772514921,0.9993847911399768,7.73802827717054e-05
270,0.005422933924321874,0.9926957370368149,0.001881329038863219
271,0.011286727577514026,0.9866382797725413,0.002074992649944713
272,0.002510137050228105,0.9967191023957844,0.0007707605539874663
273,0.002435886950732472,0.9969820268839338,0.0005820861653337472
274,0.0015745386975865828,0.9974647502269894,0.0009607110754239789
275,0.011163450913483499,0.987437277863966,0.0013992712225505454
276,0.009888420870213417,0.9860846241619952,0.004026954967791422
277,0.011567845180663443,0.983081302162058,0.0053508526572785325
278,0.012740741444527758,0.9854080779951889,0.0018511805602833172
279,0.0020062963665585694,0.9968362199135284,0.0011574837199129877
280,0.007979573384992413,0.98959831312808,0.0024221134869275886
281,0.004374585498508927,0.9944671444928094,0.0011582700086816987
282,0.003025622595039682,0.9962069421050147,0.0007674352999456148
283,0.004574838944235743,0.9949307237577644,0.0004944372979998888
284,0.0024720698964469444,0.9969791759573257,0.0005487541462273972
285,0.0017041296162208326,0.9974535399274423,0.0008423304563368221
286,0.006540265088044244,0.9920901000253826,0.0013696348865731961
287,0.0004179852689624277,0.9987898866697484,0.0007921280612891333
288,0.013798435201382428,0.9836882110104269,0.0025133537881906563
289,0.004027219527137888,0.9952629615920614,0.0007098188808007102
290,0.0029541853578549664,0.9962860716972967,0.0007597429448483736
291,0.006677258454392391,0.9918880989152632,0.0014346426303444143
292,0.0015051150504554573,0.9974058758817788,0.0010890090677657842
293,0.0033907659352157347,0.9961500382765903,0.00045919578819394373
294,0.01103432064610097,0.9864374117666166,0.002528267587282441
295,0.0025666863584560985,0.9970586214452927,0.00037469219625123183
296,0.0012951891089374834,0.9982405855142531,0.0004642253768094185
297,0.07445163980811559,0.9146309009155577,0.010917459276326754
298,0.812874422232863,0.0,0.18712557776713695
299,0.06806028311058698,0.9083912862397329,0.023548430649680152
300,0.5346356286428331,0.0,0.46536437135716685
301,0.08249553756501356,0.8890375950305432,0.028466867404443194
302,0.0023025346608314106,0.9969025245204043,0.0007949408187643019
303,0.004771004987820047,0.9936009695829678,0.0016280254292121116
304,0.003979719021856404,0.995170357539048,0.0008499234390955616
305,0.007895813047022894,0.9910057527914514,0.0010984341615256831
306,0.006377241906149255,0.9922503977446874,0.001372360349163371
307,0.0005035155766897729,0.9988888943271034,0.0006075900962068555
308,0.0017671814089147938,0.997122732258578,0.0011100863325072578
309,0.0045106184459248345,0.9945633147289602,0.0009260668251149639
310,0.0005729757587556601,0.9988210519800936,0.0006059722611507073
311,0.003993859049907786,0.9951842407139846,0.0008219002361076227
312,0.0006524904332641565,0.9983135620836332,0.0010339474831026444
313,0.014810263706963651,0.9833502300077679,0.0018395062852684585
314,0.0017792066213829921,0.9974923080741707,0.0007284853044463441
315,0.0014554125040895443,0.9981617188550191,0.0003828686408913135
316,0.012611371995171797,0.9837181577910994,0.0036704702137288123
317,0.025310269018796884,0.9668943052699391,0.007795425711263981
318,0.005179852577090795,0.9938576564700817,0.0009624909528274756
319,0.002451475606987259,0.996919377478365,0.0006291469146477314
320,0.0004626971069376807,0.9987956725325442,0.0007416303605181206
321,0.0013309907733123514,0.9976699001150858,0.0009991091116018204
322,0.005492006768133605,0.9929223587875616,0.0015856344443047627
323,0.0007831317638019252,0.9982517545672244,0.0009651136689737051
324,0.009999862360904468,0.9877012863901601,0.00229885124893545
325,0.008159680969508892,0.9890621378571705,0.002778181173320653
326,0.00853735111659773,0.9892118014979275,0.0022508473854747366
327,0.0091867460542922,0.98828425431431,0.002528999631397804
328,0.05046735407354895,0.942307730045758,0.007224915880693086
329,0.016234355754267463,0.9796438381615957,0.004121806084136812
330,0.007435735228847026,0.9870136236201987,0.0055506411509542415
331,0.0017214546289117342,0.9975453519535836,0.0007331934175046404
332,0.006677163007209753,0.9912163261758121,0.002106510816978124
333,0.006614866323035901,0.9912015044105693,0.002183629266394787
334,0.004204386167535818,0.9948142724271675,0.0009813414052967152
335,0.00499491740909356,0.9925100160341539,0.002495066556752543
336,0.002294512693198697,0.99722952697035,0.0004759603364512475
337,0.0016668276012084962,0.9978191822165897,0.0005139901822017864
338,0.0002639642859230846,0.999079617625292,0.0006564180887849552
339,0.00898684719254456,0.9890101731901301,0.00200297961732537
340,0.008319716716161302,0.989057384912761,0.0026228983710777356
341,0.011680939819369955,0.9849053367707413,0.0034137234098887198
342,0.011379185413308162,0.9858644455992973,0.0027563689873945267
343,0.06295967709589873,0.919361666903179,0.01767865600092227
344,0.0015419655480535762,0.9977506408317816,0.0007073936201648692
345,0.004001327762427038,0.9950673596612686,0.0009313125763043818
346,0.002913264755006905,0.9964416464756569,0.000645088769336178
347,0.011934970539711865,0.9861256172578337,0.0019394122024544817
348,0.0014531294830491764,0.9981132095494548,0.00043366096749600735
349,0.004662799577918375,0.9937149552975523,0.0016222451245293532
350,0.04010359383892475,0.9449969144518324,0.014899491709242827
351,0.06027581985656696,0.9037044935168908,0.03601968662654229
352,0.01543542618006272,0.9788212811474564,0.005743292672480912
353,0.006108091683791974,0.9922426385636839,0.0016492697525241384
354,0.0030287625415907917,0.9963970045188577,0.0005742329395514986
355,0.008411368149623856,0.9882428405052293,0.003345791345146886
356,0.0073319438783016,0.9910792150615618,0.001588841060136575
357,0.004700677107811774,0.9944049168937212,0.000894405998466991
358,0.004831308578486921,0.9943099662684204,0.0008587251530926929
359,0.015063682897834102,0.9802019913582993,0.004734325743866568
360,0.004261456467490508,0.9948884623180511,0.0008500812144584329
361,0.003934816614794966,0.9953110760983956,0.000754107286809393
362,0.0011063089408415896,0.9981860694260322,0.0007076216331262473
363,0.008467199477286075,0.9896121496790551,0.0019206508436588388
364,0.00302307956850157,0.99624751793851,0.0007294024929884664
365,0.0029907794009395366,0.9964133142354071,0.0005959063636533308
366,0.009368543650638085,0.9870501219128768,0.0035813344364851373
367,0.007361236484700171,0.9912791830425131,0.0013595804727867722
368,0.0067840773626110275,0.9922684750317209,0.0009474476056680858
369,0.007524583405830709,0.9907259670558062,0.0017494495383631131
370,0.015858841294037484,0.980634778199328,0.0035063805066345315
371,0.0047658548499144825,0.9945323796122401,0.0007017655378454594
372,0.0031202139477297356,0.9962166801019178,0.0006631059503524914
373,0.014134208157671975,0.9778811331772063,0.007984658665121762
374,0.0027913804876255268,0.9956906004034206,0.0015180191089538618
375,0.010936253536491573,0.9867557890143852,0.0023079574491232167
376,0.0008068162005678923,0.9981741642737422,0.0010190195256899372
377,0.006215471102086503,0.9914137910507186,0.0023707378471949122
378,0.06348785162380573,0.9302580239538047,0.00625412442238953
379,0.00193293153931207,0.9967512980194256,0.0013157704412622945
380,0.0014233551906174162,0.9984243286043609,0.00015231620502166162
381,0.003931882799427775,0.9925637126577082,0.003504404542864072
382,0.0036731894814780912,0.9946533685633081,0.001673441955213804
383,0.0029461121946930003,0.9959887110463505,0.0010651767589565499
384,0.03118078433308135,0.9664469302315035,0.0023722854354151276
385,0.005473042188895395,0.9932480881663258,0.0012788696447787898
386,0.002962850951787396,0.9960918329159609,0.0009453161322516758
387,0.003818946619523359,0.9946878434929975,0.0014932098874790934
388,0.025378662459828664,0.9687892867049396,0.005832050835231758
389,0.15349521108205244,0.784022700138414,0.06248208877953354
390,0.01111013016202924,0.9852409496192204,0.003648920218750386
391,0.02121658896261994,0.9727020631719099,0.00608134786547018
392,0.014647698644943861,0.9813568803733687,0.003995420981687483
393,0.0015041054006179253,0.9984158255338925,8.006906548955434e-05
394,0.005462565641123698,0.9924069469349224,0.0021304874239539283
395,0.00471179242044711,0.9942436671018613,0.0010445404776915953
396,0.006674282467868953,0.9918665784905917,0.0014591390415393697
397,0.0028809543798786934,0.996245452208927,0.0008735934111942887
398,0.004291170908943225,0.9946049805010307,0.001103848590026031
399,0.007582984254164335,0.9909999527250016,0.0014170630208340336
400,0.0036813854335853045,0.9940316206755269,0.002286993890887834
401,0.028926130314567863,0.9679893034222152,0.003084566263216906
402,0.003699473959327886,0.9941317410187398,0.0021687850219323135
403,0.002729147340466683,0.9965171843667988,0.0007536682927345031
404,0.008287030705148992,0.9892336225618096,0.002479346733041431
405,0.005420679666151393,0.9933746422231503,0.001204678110698301
406,0.0008405823204766009,0.9984802296988375,0.0006791879806858588
407,0.0028733489442301073,0.9960689076096881,0.001057743446081756
408,0.002145643867879905,0.9971277850039169,0.0007265711282032395
409,0.007455238666885147,0.989906105899823,0.0026386554332918782
410,0.024393362536331772,0.9727841132753285,0.002822524188339683
411,0.0031646801700367247,0.9958148698582995,0.0010204499716637968
412,0.0014395839712991838,0.9976340388421188,0.0009263771865820518
413,0.006309466795843349,0.9926804588678284,0.001010074336328243
414,0.00266889726215532,0.9965248688394112,0.0008062338984335201
415,0.009250416194088767,0.98888444966944,0.0018651341364712302
416,0.0072322873148799195,0.9914066084806729,0.0013611042044472227
417,0.007539695018170463,0.9912480873356966,0.0012122176461329549
418,0.010049977353234932,0.9887135810969592,0.0012364415498058974
419,0.01130562006207728,0.9866919689879167,0.0020024109500060526
420,0.00129590234574455,0.9979292702458941,0.0007748274083613877
421,0.0037909353379629992,0.9946193490931202,0.001589715568916781
422,0.0052517799169625465,0.9933066499139337,0.0014415701691037612
423,0.006270948929405032,0.9923995962783383,0.0013294547922566764
424,0.008680725292463186,0.9887268378919024,0.0025924368156344042
425,0.002603074175653767,0.9964926151843722,0.0009043106399740784
426,0.003577711732782926,0.9953301181186336,0.0010921701485834853
427,0.005546244044263622,0.9931335333178615,0.001320222637874906
428,1.0,0.0,0.0
429,0.08742231905650885,0.8953460708310262,0.01723161011246491
430,0.005458447540248254,0.9928509482291069,0.0016906042306448345
431,0.006002740752409657,0.9908802607578112,0.0031169984897791276
432,0.006316554314356096,0.9926316334778564,0.0010518122077874696
433,0.0512411831074162,0.8925320268215102,0.056226790071073576
434,0.008280231586502545,0.9893903066952084,0.002329461718289011
435,0.010131359921865871,0.9881309615132776,0.0017376785648565115
436,0.005101434399706697,0.9939505251896074,0.0009480404106859443
437,0.009326522459253833,0.9884465902072953,0.002226887333450861
438,0.01894739381373279,0.9738144853276404,0.007238120858626843
439,0.003703551321389142,0.9954564304527785,0.0008400182258323176
440,0.004867325188553965,0.994000518636707,0.0011321561747390154
441,0.0031112249719907805,0.9962652351047214,0.0006235399232877946
442,0.01154868658482144,0.9864074806959181,0.0020438327192604548
443,0.005968905657672916,0.992862192313963,0.0011689020283640848
444,0.0022897257841496764,0.9971599568110507,0.0005503174047995831
445,0.013670832341199222,0.9842760073716809,0.002053160287119917
446,0.004589801626777631,0.9943441233236535,0.0010660750495688517
447,0.0042389961576069675,0.9937984548163815,0.0019625490260115172
448,0.004034459228410578,0.9931816768209312,0.002783863950658253
449,0.008770505150071552,0.9894624690868729,0.001767025763055595
450,0.0026418192446144746,0.9967948776219766,0.0005633031334089205
451,0.007005081314323355,0.9918676707347616,0.0011272479509150807
452,0.005997488572134638,0.9900450251554092,0.003957486272456209
453,0.002730004402104683,0.9966100926967176,0.000659902901177686
454,0.005592867097957908,0.993456082628974,0.0009510502730680898
455,0.00039718059315713324,0.998965826587554,0.0006369928192889156
456,0.0034372857762769334,0.9955258579939803,0.0010368562297427657
457,0.005653898329349493,0.9933734844741678,0.000972617196482662
458,0.014144551474908415,0.9835346376558463,0.0023208108692453298
459,0.003151046087484038,0.9960732248864861,0.0007757290260298759
460,0.006903853333764093,0.9912029997009768,0.001893146965259101
461,0.007627561785791126,0.990856226903709,0.0015162113104998706
462,0.008113883091718219,0.9905756682825311,0.001310448625750706
463,0.021896554948856485,0.9732105826131561,0.0048928624379874445
464,0.0037265989373531762,0.9953636231015359,0.0009097779611109024
465,0.0071967664161705774,0.9913569678952535,0.0014462656885759072
466,0.005975477805694235,0.9930390826859796,0.0009854395083261408
467,0.02874547395730047,0.961046625740803,0.010207900301896514
468,0.003807990397670217,0.9954323766532943,0.0007596329490354679
469,0.0023325223618445154,0.9970329119404494,0.0006345656977060782
470,0.005354369423761577,0.9934267860479683,0.0012188445282701208
471,0.00918190215703036,0.9873983632450537,0.003419734597915939
472,0.005806930961213364,0.9933837314877803,0.0008093375510063833
473,0.0058533707833651905,0.9919932701938727,0.002153359022762076
474,0.0049697535257510386,0.9938897138381555,0.0011405326360934638
475,0.013272565900833928,0.9845948139947973,0.0021326201043687584
476,0.01695947048485188,0.9742258969992866,0.008814632515861485
477,0.010846942364292365,0.9867467659793793,0.0024062916563283646
478,0.002812206195761582,0.9967471313792962,0.0004406624249422594
479,0.0026436704668566617,0.9963946780100662,0.0009616515230771344
480,0.005335194310537679,0.9935220300017508,0.0011427756877115543
481,0.0458168279036195,0.9450242510256952,0.009158921070685293
482,0.008625481921398774,0.9892055309318881,0.0021689871467131046
483,0.0004925083534077384,0.999009732666294,0.000497758980298258
484,0.002635463625908701,0.9970874730616162,0.0002770633124751407
485,0.0017728466271883254,0.9974521859233698,0.0007749674494418583
486,0.002127583209252106,0.9972947372011941,0.0005776795895537904
487,0.0019473751551591367,0.997459085764489,0.0005935390803518126
488,0.01139524040994595,0.9868730086711579,0.0017317509188961473
489,0.013439811081620186,0.9831406690515366,0.0034195198668431834
490,0.009930476477934408,0.9882662090316331,0.0018033144904325007
491,0.005658572558414436,0.9929369317117461,0.001404495729839435
492,0.0008935645943511115,0.9985482412898832,0.0005581941157657124
493,0.004735788043322296,0.993999616521078,0.00126459543559966
494,0.014515792458142766,0.972224825802662,0.013259381739195227
495,0.005222312973626462,0.9918038188015779,0.0029738682247956744
496,0.0018562219534740427,0.9975665571168746,0.0005772209296513713
497,0.00048105620548101555,0.9990199506668455,0.0004989931276735268
498,0.004339013961702326,0.9949677548756206,0.0006932311626770604
499,0.0023654920576752334,0.9970091371674467,0.0006253707748781093
500,0.009114246991125298,0.9889483976486305,0.001937355360244185
501,0.0021884168580217377,0.9972546118018195,0.0005569713401587495
502,0.024620473181512486,0.9718079858464288,0.003571540972058713
503,0.015836354879146097,0.9817705857933485,0.002393059327505375
504,0.006996038194537371,0.9916092055958424,0.0013947562096202043
505,0.004851941433978437,0.9944487075945809,0.0006993509714406359
506,0.01256197736494467,0.9838205354714898,0.0036174871635654866
507,0.11021921077271764,0.836036171099692,0.05374461812759039
508,0.009750779652351252,0.9875483511377846,0.0027008692098641402
509,0.004546260198974058,0.9934775811459611,0.001976158655064868
510,0.007657062394065937,0.9904627176997517,0.001880219906182369
511,0.008231362097259335,0.990513188601506,0.0012554493012347208
512,0.8980738019480916,0.0,0.10192619805190839
513,0.005975250521472426,0.9925311634404455,0.0014935860380821228
514,0.005881593334003784,0.9929309801691312,0.0011874264968650444
515,0.00967044290775361,0.9851040749267796,0.00522548216546674
516,0.0032817270853165064,0.9960567705182489,0.0006615023964345696
517,0.020839749660519727,0.9734775760994152,0.0056826742400650655
518,0.006622241881407981,0.9918073759932997,0.0015703821252923073
519,0.07167918982644507,0.9190284689731308,0.009292341200424093
520,0.004726931436771824,0.9936168119624765,0.0016562566007516447
521,0.003979740025744959,0.9949531021505745,0.0010671578236805099
522,0.07269941505719221,0.9179177209190472,0.009382864023760566
523,0.00694850803846703,0.9917118614684064,0.0013396304931265729
524,0.013302828498852974,0.9828965361110152,0.0038006353901317864
525,0.006320857209427856,0.9927478324345744,0.000931310355997715
526,0.0009269281789952745,0.9990168255280872,5.624629291748776e-05
527,0.11648817329052792,0.8155509711875749,0.06796085552189716
528,0.00035950163867176513,0.9985313113686977,0.0011091869926305744
529,0.0014925192068312213,0.9978432300302432,0.0006642507629255563
530,0.012530913992617363,0.9850446723198671,0.0024244136875154945
531,0.004291829797672019,0.9946197084283099,0.001088461774018047
532,0.0016943975728293565,0.9973208556761648,0.0009847467510058466
533,0.001201893390296239,0.9981950020095228,0.0006031046001809361
534,0.0005103053870487188,0.9988020311996075,0.0006876634133437495
535,0.029087719228394746,0.9643150933002553,0.00659718747134992
536,0.0066586195276352594,0.9919273845872081,0.0014139958851566575
537,0.004212581969340355,0.9950763041799521,0.0007111138507075688
538,0.006112097051958152,0.9926883106064296,0.0011995923416122573
539,0.007727984675484192,0.9879923825394756,0.004279632785040175
540,0.005721626026820033,0.9929221421186006,0.0013562318545793305
541,0.013877857915856183,0.9834758063178758,0.002646335766268028
542,0.011474649482399603,0.9856631642228815,0.0028621862947189247
543,0.02026905574246427,0.9739729565407902,0.005757987716745537
544,0.004265562287824551,0.9945129916616989,0.0012214460504765177
545,0.001390934378356451,0.9979008501728159,0.0007082154488276149
546,0.006556755733592963,0.9923466910543,0.0010965532121070798
547,0.021861930553747584,0.9692448681816358,0.008893201264616615
548,0.001966934080769437,0.9974901116845071,0.000542954234723488
549,0.0025003525986237026,0.9965944502726202,0.000905197128756128
550,0.0023448530672143734,0.9967349368865801,0.0009202100462055238
551,0.00687029974607831,0.9881831968480682,0.004946503405853477
552,0.0016574863312947472,0.9965537933694902,0.0017887202992150155
553,0.0021426239125902848,0.9973252258667954,0.00053215022061432
554,0.0026302752857971295,0.9967848656087612,0.0005848591054416424
555,0.0050824345092174514,0.9935578541222247,0.0013597113685578002
556,0.0033050996237700423,0.9965125421951347,0.0001823581810952147
557,0.000480777711947971,0.998235883943684,0.0012833383443680187
558,0.009005669680046124,0.9892345731576713,0.0017597571622826038
559,0.025903016876915503,0.9696132675282619,0.004483715594822562
560,0.004232535426279393,0.9946375079760731,0.0011299565976475201
561,0.03919927089236999,0.9503346193019426,0.01046610980568738
562,0.01235662107661525,0.9833027437385119,0.004340635184872851
563,0.04303193095756544,0.9441021717709702,0.012865897271464342
564,0.005957735793596897,0.9924379903081619,0.00160427389824117
565,0.005189542863428657,0.9933298772004301,0.0014805799361412536
566,0.006147565672920345,0.9926191843280315,0.0012332499990481212
567,0.004582294599009332,0.9945580069091279,0.0008596984918627893
568,0.031981784721010466,0.9619756229170112,0.006042592361978313
569,0.023050679732700734,0.9743498383611883,0.002599481906110996
570,0.0022431921265888724,0.9973611376631984,0.0003956702102126783
571,0.0028281748585783756,0.9961209547105356,0.0010508704308859911
572,0.005633297511111177,0.9901985918836539,0.004168110605234934
573,0.016375577788497936,0.979538196325119,0.004086225886383105
574,0.025062268765820482,0.9712896396351813,0.0036480915989981844
575,0.008847340934928581,0.9891051065314265,0.002047552533644948
576,0.05130673003855911,0.9286206044825827,0.020072665478858234
577,0.005035239895188771,0.9938450387431847,0.001119721361626479
578,0.0047110454704774145,0.9942274727108736,0.0010614818186489472
579,0.0056269983710848775,0.9928485915073476,0.0015244101215675116
580,0.014396328022138895,0.9823729281994759,0.003230743778385247
581,0.09365882319478055,0.8829357040842536,0.02340547272096585
582,0.0017407556934372333,0.9973706077525332,0.0008886365540295997
583,0.10381591395256007,0.8674210937716459,0.02876299227579404
584,0.026210709703967577,0.9626085308986755,0.01118075939735694
585,0.16347957237287,0.7042480328794815,0.13227239474764854
586,0.028715453780577417,0.9594865973759574,0.011797948843465154
587,0.023230198002963498,0.9697792974185574,0.006990504578479105
588,0.0010941461973261177,0.998025469915887,0.000880383886786851
589,0.005490985682322521,0.9929209691670029,0.001588045150674581
590,0.0005304279974287208,0.9993588539429032,0.00011071805966803228
591,0.0006226887993934918,0.9986260536358773,0.0007512575647291995
592,0.008308356091335286,0.9888918555602395,0.002799788348425207
593,0.06293997999515613,0.9284139614969601,0.008646058507883782
594,0.006878251956671659,0.9915445628892563,0.001577185154072043
595,0.0716046025920678,0.9056672215540975,0.022728175853834683
596,0.013675973744624292,0.9833621047495427,0.0029619215058330436
597,0.006932325938268647,0.9922172471631305,0.0008504268986008195
598,0.0028923450339501614,0.9952644436998123,0.0018432112662375765
599,0.0026476262849314666,0.9960681562593949,0.0012842174556736009
600,0.00529601846777407,0.9937349914369734,0.0009689900952525165
601,0.007533343245699545,0.9910446923734052,0.0014219643808952545
602,0.004641656813511263,0.9947713505156652,0.0005869926708235056
603,0.01020396037600994,0.9876268136383459,0.002169225985644137
604,0.015622847291974315,0.9811009271361948,0.0032762255718308962
605,0.007543548950647494,0.9901830159839146,0.002273435065437946
606,0.004442238151337753,0.9947009339753231,0.000856827873339137
607,0.0050219147868926515,0.9940429863719392,0.0009350988411681297
608,0.011421654868947162,0.9867726621420512,0.0018056829890016669
609,0.005647557991200891,0.9924781538377697,0.0018742881710293925
610,0.004211139278936134,0.9950393487295381,0.0007495119915257237
611,0.005975137925691215,0.9929474636940978,0.001077398380210976
612,0.019074403192240387,0.9770517906870771,0.0038738061206824654
