node,p_I,p_S,p_R
0,0.0019408769303592777,0.9972703122249023,0.0007888108447384666
1,0.0002115263957187069,0.9992595624899901,0.0005289111142911435
2,0.00013088481273781116,0.9998534567200092,1.565846725294063e-05
3,0.0027541981638563528,0.9965895932513434,0.0006562085848002054
4,0.0018563390009109877,0.9975148935755989,0.0006287674234901525
5,0.0197637646970668,0.9781647244806071,0.002071510822326105
6,0.010517314786627839,0.9888508364815249,0.0006318487318472186
7,0.004233753368359568,0.9947286763981954,0.0010375702334450322
8,0.05735040596655247,0.9280343749574111,0.014615219076036383
9,0.0031546470888836843,0.9959617855659368,0.0008835673451794747
10,0.001736070804712731,0.9967004777998614,0.001563451395425896
11,0.001314990795370304,0.998070830036061,0.0006141791685686886
12,0.001882303465354241,0.9972298363588348,0.0008878601758109834
13,0.0013206719401271448,0.9978615386151325,0.0008177894447403622
14,0.0023841230940696454,0.997206846819368,0.00040903008656235657
15,0.03141628178377391,0.9264187918287963,0.042164926387429816
16,0.007002339414451697,0.9919163620863368,0.0010812984992114812
17,0.0013951931859572317,0.9980485632664085,0.0005562435476343177
18,0.013993951332391806,0.9810826804907701,0.004923368176838118
19,0.0020720424960341804,0.9973120501090112,0.0006159073949545699
20,0.005270818566628083,0.9906869731905527,0.0040422082428192615
21,0.01885803566858824,0.9739862181812499,0.007155746150161897
22,0.0031248719239228588,0.9964328106864982,0.00044231738957889173
23,0.003925261678144647,0.9943193977341857,0.0017553405876697022
24,0.0030583228072166447,0.9947821761639853,0.002159501028798012
25,0.0006284999810310976,0.9992720159205664,9.94840984025435e-05
26,0.003980346387069863,0.9951834574556877,0.0008361961572424339
27,0.03198875752387127,0.9552440324152435,0.012767210060885253
28,0.011944621253218247,0.9807385843749303,0.007316794371851419
29,0.03400312890180031,0.9534815720018133,0.01251529909638642
30,0.00609684170523732,0.9912206441405561,0.0026825141542065733
31,0.003626397560944964,0.9950933211221931,0.001280281316861972
32,0.0018304254705833382,0.9979198148547079,0.00024975967470873014
33,0.0003143011608937443,0.998943125314205,0.0007425735249012175
34,0.006531864588642892,0.9918803330708799,0.001587802340477247
35,0.000535316283270297,0.9991996406540546,0.0002650430626750592
36,0.0003180832789517428,0.9992056835771073,0.00047623314394099514
37,0.0021812941119042123,0.997361623325137,0.0004570825629587842
38,0.01784357962746676,0.9765937563248621,0.005562664047671122
39,0.023505448246925426,0.9682372591106833,0.008257292642391317
40,0.0033872190968438068,0.9957391463247092,0.0008736345784470254
41,0.0011382758147944626,0.9987330248087005,0.00012869937650501713
42,0.0002780200475931085,0.998818714212636,0.0009032657397708752
43,0.9405870330821677,0.0,0.05941296691783227
44,0.027020817750142354,0.9703039838869576,0.002675198362900046
45,0.001535325104805676,0.9982458206875151,0.00021885420767921767
46,0.0030947000676215795,0.996717824106792,0.00018747582558642644
47,0.01966805720024848,0.9788288886141435,0.0015030541856079984
48,0.001656098342410456,0.9979548939474713,0.00038900771011826635
49,0.019717042911683358,0.9778833423697076,0.002399614718609
50,0.0034196918734894343,0.9951708449793465,0.0014094631471640742
51,0.007313883872128424,0.991424828958519,0.0012612871693525533
52,0.004966519148621947,0.9935373793447165,0.0014961015066615212
53,0.0008289645999820393,0.9987279537269446,0.000443081673073399
54,0.0012833530649634388,0.9981069179108006,0.0006097290242359217
55,0.0031422177748939967,0.9953704803550961,0.0014873018700098822
56,0.00559405125388871,0.9933638471260309,0.0010421016200804164
57,0.0016391628722792198,0.9976826442681607,0.0006781928595601124
58,0.0014186408613145742,0.9981949019436994,0.00038645719498600606
59,0.0004267796757765165,0.9995354290343129,3.7791289910566844e-05
60,0.001639410796569333,0.9974274078861214,0.0009331813173092805
61,0.000981277100786063,0.9988721575055055,0.0001465653937084277
62,0.006331525055869148,0.9921686593908149,0.0014998155533159634
63,0.003089777455180751,0.9946773785240617,0.0022328440207575653
64,0.022180839646549554,0.9715736068999875,0.006245553453462939
65,0.0017429155286263313,0.9976065431062296,0.0006505413651440201
66,0.003465238765710375,0.9953727500999953,0.001162011134294362
67,0.003150786114921459,0.9953696890725094,0.001479524812569096
68,0.0006381108473726622,0.9992426980537125,0.00011919109891487417
69,0.0034254805195583515,0.9955500594422748,0.0010244600381668334
70,0.004595388280496018,0.993952048004516,0.0014525637149880063
71,0.0025727473595267046,0.996998788148162,0.0004284644923112879
72,0.03251041127874441,0.9610241070122285,0.0064654817090270735
73,0.014811640470779215,0.981451570197142,0.0037367893320787637
74,0.0024285120702489844,0.9971523670358892,0.00041912089386185133
75,0.000978932014798079,0.9987833901092403,0.00023767787596158874
76,0.0004818034931039567,0.9993297115403338,0.0001884849665622562
77,0.0034949183317644268,0.9949319148020555,0.0015731668661801228
78,0.0007712807178859684,0.9986718412197954,0.0005568780623186784
79,0.011760108455290842,0.9857069260650838,0.002532965479625349
80,0.0014081952277542177,0.9982004718405104,0.0003913329317353652
81,0.002883176729101969,0.9960136211259324,0.00110320214496564
82,0.002519081970270759,0.9970134518811651,0.00046746614856416047
83,0.0217562653752024,0.9742912743113827,0.003952460313414861
84,0.0028351035107833053,0.9939050400202354,0.0032598564689813084
85,0.001278343561736324,0.9983162619717242,0.0004053944665394923
86,0.0031052297909822165,0.9963102307123796,0.0005845394966382206
87,0.0005730300083187852,0.9992544500064692,0.00017251998521204
88,0.0012709339803096118,0.9984291500551424,0.00029991596454795446
89,0.0007906408193791881,0.9991611326930255,4.822648759527863e-05
90,0.0009094562406446378,0.9988232617057307,0.00026728205362470383
91,0.0008733020306099037,0.9985264377808512,0.0006002601885389459
92,0.0031237925517657835,0.9957153581017565,0.0011608493464777298
93,0.0052858617518254224,0.9920555085451543,0.0026586297030202362
94,0.06806951157018315,0.9222603993567887,0.009670089073028135
95,0.7811606907112015,0.0,0.21883930928879847
96,0.053431152438758206,0.9392920497534447,0.007276797807797079
97,0.009833212977248797,0.9885355635061425,0.001631223516608737
98,0.0038613605707727844,0.9912240353288905,0.004914604100336742
99,0.3152193614300317,0.2577546562861335,0.4270259822838348
100,0.2536630314910212,0.0,0.7463369685089788
101,0.12338936662422094,0.80351932169185,0.07309131168392903
102,0.0008346632984360517,0.9989726482801897,0.00019268842137422487
103,0.0012919550882887188,0.9983272727116869,0.00038077220002441736
104,0.0024472080514443043,0.9971856183327256,0.00036717361583013053
105,0.00127647069647916,0.9984075743526166,0.0003159549509042175
106,0.023425166248304014,0.9746344156787576,0.001940418072938348
107,0.003039720410180558,0.9957797044598039,0.0011805751300155373
108,0.0706509277001479,0.9000044127014796,0.02934465959837253
109,0.007860002908577832,0.9854267074625298,0.0067132896288923626
110,0.021974616834554643,0.9761421754085573,0.001883207756888057
111,0.012359398484348895,0.9862488406060594,0.0013917609095916651
112,0.0028966026992991566,0.9961683126432942,0.0009350846574066472
113,0.0018560414604396893,0.9966210390466835,0.0015229194928767784
114,0.0008150612168054567,0.9984135302244372,0.0007714085587573032
115,0.007877469290190267,0.9916844917508083,0.00043803895900142685
116,0.0012143679812175018,0.9985367324535374,0.0002488995652451414
117,0.0010838085521834157,0.9980276683620501,0.0008885230857664378
118,0.00432930738614116,0.9903992153558504,0.005271477258008436
119,0.024323277046755205,0.971086107494125,0.004590615459119745
120,0.020980606227782122,0.9749773184663048,0.004042075305913125
121,0.002471909493862871,0.996249571274538,0.0012785192315991803
122,0.0004413213076724219,0.9991912950625672,0.0003673836297603696
123,0.006556331313805833,0.9908507306808986,0.002592938005295594
124,0.001799064725222376,0.997478390630953,0.0007225446438246194
125,0.00034220595670116815,0.99918082531086,0.00047696873243877725
126,9.452956496916134e-05,0.9998867906139807,1.867982105016928e-05
127,0.0037833735951711346,0.9955936087568298,0.000623017647999081
128,0.010567142417025045,0.9864817166946864,0.0029511408882885275
129,0.004893300294111688,0.9927936058245134,0.0023130938813749422
130,0.028199475819866655,0.9654821953856942,0.006318328794439104
131,0.010336849954844634,0.9812270292548162,0.00843612079033917
132,0.002849500340083944,0.9959716586946109,0.0011788409653051496
133,0.005991328818602952,0.9833984664418615,0.010610204739535585
134,0.0028930334920224212,0.9954795628020753,0.0016274037059022992
135,0.004239215465444271,0.992090341840992,0.0036704426935637437
136,0.022422380447113793,0.9752098179139914,0.0023678016388947913
137,0.0006873552537723127,0.9991785922231384,0.00013405252308925863
138,0.0021017226891586237,0.9975827007419347,0.0003155765689067068
139,0.00790587465134197,0.9906855620177765,0.0014085633308815637
140,0.002604697148127698,0.9970692396107812,0.00032606324109110257
141,0.0013268405465910575,0.9979668083776678,0.000706351075741118
142,0.0016155195232245858,0.996859688725838,0.0015247917509374474
143,0.003283021689871892,0.9947620711420182,0.0019549071681099076
144,0.002175232371494679,0.9972551109188216,0.0005696567096837464
145,0.027055102037386,0.9669416252427672,0.006003272719846834
146,0.004332369147306565,0.9946124370143202,0.0010551938383732075
147,0.0016043161849416956,0.9981784370800054,0.0002172467350528837
148,0.00018849543235487077,0.9990007619054708,0.0008107426621743049
149,0.0018275622075309833,0.9975221358734164,0.0006503019190525899
150,0.001070159682897654,0.9987363445990767,0.00019349571802567078
151,0.013145787739861374,0.9781828424751381,0.008671369785000533
152,0.0015273372021392781,0.997762502965247,0.0007101598326136774
153,0.0021428502411166466,0.9972076180001643,0.0006495317587190227
154,0.002346879204814017,0.9963598542735851,0.001293266521600895
155,0.007191394098185807,0.9852740507326092,0.007534555169204985
156,0.019834924922931214,0.9778483648852747,0.0023167101917940715
157,0.0008745387421690235,0.9987491394401652,0.00037632181766578636
158,0.00102081727363119,0.9987201668891267,0.0002590158372421284
159,0.00018187608419335677,0.9997998308310102,1.8293084796437656e-05
160,0.003390185987516777,0.9957430277372252,0.0008667862752579946
161,0.003989741976298306,0.9950887246780196,0.0009215333456821292
162,0.0008270511090456554,0.9988824790011508,0.00029046988980355306
163,0.00558656489823471,0.9903008430390174,0.004112592062747848
164,0.02157495044171194,0.9770950243970321,0.0013300251612559525
165,0.001539970578912943,0.9979705495892013,0.0004894798318857734
166,0.007311574167835638,0.9903144098930929,0.0023740159390714223
167,0.0016310124498707637,0.9978143078570956,0.0005546796930336636
168,0.0007289189254946849,0.9992035017593047,6.757931520059104e-05
169,0.00035476377866223676,0.9991972673376256,0.000447968883712169
170,0.0035715791108263026,0.9940734971793858,0.0023549237097879407
171,0.005770972309789169,0.9782041807598786,0.016024846930332248
172,0.0005642411908052914,0.9989221955180527,0.000513563291141984
173,0.07661683019260944,0.9060260055695506,0.017357164237839964
174,0.11733264277857561,0.8651779866028327,0.01748937061859166
175,0.13659900337885952,0.8455383552409381,0.017862641380202347
176,0.8547482587650944,0.0,0.1452517412349056
177,0.0014412279620786524,0.9983362444910802,0.00022252754684118733
178,0.022740007591436052,0.97302353478412,0.004236457624443987
179,0.042470484226725586,0.9492192671933065,0.008310248579967896
180,0.0015659133141913426,0.9979582423277154,0.00047584435809330713
181,0.018752757042154133,0.9759468221636602,0.005300420794185624
182,0.04735941434356106,0.9333637489698093,0.019276836686629602
183,0.000981516729855213,0.9986930004993942,0.0003254827707505415
184,6.636149383451473e-05,0.9999229823312238,1.0656174941698908e-05
185,0.001117451393965756,0.9985063990121544,0.00037614959387981077
186,0.007275975876227788,0.9899636076838839,0.002760416439888295
187,0.001200077053027286,0.9986172829759553,0.0001826399710174023
188,0.006198152174560115,0.991478803905587,0.0023230439198529264
189,0.012648358966172005,0.9825985291717884,0.004753111862039635
190,0.0033480484966597877,0.9949665126728842,0.0016854388304560499
191,0.02478497479167893,0.964376484007796,0.010838541200525107
192,0.003796036334000055,0.9926561652049295,0.003547798461070448
193,0.0015944254089926774,0.9975474899364786,0.0008580846545287518
194,0.004797554637485986,0.9905504100357907,0.004652035326723318
195,0.01065179054437845,0.9864954653900625,0.002852744065559053
196,0.0008126108901155657,0.9987112640036586,0.0004761251062258178
197,0.0022267355575461985,0.997494956426283,0.0002783080161707489
198,0.0125876218621989,0.9842829064978936,0.0031294716399074725
199,0.0004037637384731945,0.9990693806511506,0.0005268556103762207
200,0.0009535363373373035,0.9979764910428007,0.001069972619861968
201,0.002069374563294932,0.9962265119566407,0.0017041134800643753
202,0.008837076580081628,0.9857865474475466,0.005376375972371804
203,0.0015582808347006307,0.9979336338650393,0.0005080853002600647
204,0.003964527472690082,0.9945521989167778,0.0014832736105320995
205,0.04666353732836533,0.9168519675601345,0.03648449511150013
206,0.01801413853535392,0.9780463372779663,0.003939524186679775
207,0.012294529082487085,0.9859203490136015,0.0017851219039114324
208,0.0009162444112317313,0.998718107817907,0.00036564777086122726
209,0.0008411305060658308,0.9988770729735551,0.00028179652037906683
210,0.005163927073516523,0.994081948017135,0.0007541249093484677
211,0.030187417237458547,0.9590254226116964,0.01078716015084502
212,0.021260757388055156,0.9770123422138841,0.0017269003980607334
213,0.01571844329591106,0.9749816617939226,0.009299894910166289
214,0.0022168566200729727,0.9967010608147734,0.00108208256515364
215,0.003095611337284087,0.9961509119312019,0.0007534767315140478
216,0.005118051680864461,0.9900549954161536,0.004826952902981934
217,0.0016761341326924834,0.9976094903762949,0.0007143754910126447
218,0.0013206939354336537,0.9984820579479965,0.0001972481165698534
219,0.005286825087518403,0.9920765759845678,0.00263659892791382
220,0.020429894506574918,0.9729353354024092,0.0066347700910159065
221,0.007412982800009104,0.9915167219985819,0.0010702952014090216
222,0.002145290794824704,0.99708252455511,0.0007721846500652568
223,0.007980471632059038,0.98769911070512,0.004320417662821008
224,0.005177746790734104,0.9932824864042902,0.00153976680497572
225,0.0016212147326351823,0.9978300462481513,0.0005487390192135145
226,0.0006252067702523776,0.9991259699490956,0.0002488232806519843
227,0.009394745007164975,0.9876275304813567,0.0029777245114783733
228,0.001029648428520121,0.9985248511966617,0.00044550037481820093
229,0.004785572091840202,0.990899861835109,0.004314566073050767
230,0.007771617921755659,0.9905725342259465,0.0016558478522978519
231,0.00222784994860571,0.9967424817450994,0.0010296683062949053
232,0.0023229854396887096,0.9971662943845664,0.0005107201757449029
233,0.0012600180463284373,0.9983705616219424,0.00036942033172918646
234,0.0029734760441230833,0.996534813645571,0.0004917103103059674
235,0.01367614711804004,0.9827314785356625,0.0035923743462975104
236,0.00046771464352085654,0.9985042011593893,0.0010280841970898283
237,0.0002481669288931581,0.9991628289863149,0.0005890040847919204
238,0.002636008240417417,0.9965222041124231,0.0008417876471594896
239,0.0022913852810958163,0.9970656514041799,0.0006429633147242746
240,0.03967020631237531,0.9501147681974563,0.010215025490168362
241,0.0050677372571936476,0.9938970555419935,0.001035207200812873
242,0.002019211218441097,0.9973886544522262,0.0005921343293326609
243,0.0008498412080223257,0.9990057284488087,0.00014443034316892467
244,0.0011686725795348797,0.9987223225967117,0.00010900482375344464
245,0.0009882753053858302,0.9968875587234317,0.0021241659711824594
246,0.0012397410446935667,0.9986810710232775,7.918793202891104e-05
247,0.0028750029789070017,0.9958555882860861,0.0012694087350068853
248,0.007331719976709037,0.9767624764028404,0.015905803620450545
249,0.010994270105943605,0.984887373727297,0.00411835616675944
250,0.02056451574951095,0.9628745318684331,0.01656095238205597
251,0.0,1.0,0.0
252,0.00026732714540173886,0.9996921780696443,4.0494784953983915e-05
253,0.004801499447685913,0.9927536221810932,0.0024448783712208884
254,0.0031055664842244137,0.9961334339927215,0.0007609995230541133
255,0.004846491270128235,0.9941702643326024,0.0009832443972694043
256,0.0005272625596027937,0.9987097363062141,0.0007630011341831376
257,0.0012240854183616081,0.9976907140181794,0.0010852005634589554
258,0.0007479105833756888,0.9991947239649467,5.7365451677626274e-05
259,0.014533557662264116,0.9821531500714726,0.0033132922662632487
260,0.0038642773399557425,0.9889649043010097,0.007170818359034562
261,0.0013677648939883621,0.9979654102862718,0.000666824819739801
262,0.0006415602021061972,0.998941950533621,0.00041648926427279904
263,0.002967190960741939,0.9964562051160485,0.000576603923209573
264,0.037108052607476114,0.9584585663918969,0.004433381000627026
265,0.0026289836267399586,0.9967339216833062,0.0006370946899538291
266,0.0026198315739715847,0.996276986229321,0.0011031821967073777
267,0.021443260524631826,0.9710567559777782,0.0074999834975899874
268,0.002168745384943426,0.9965847471830573,0.0012465074319992343
269,0.0006211794223986443,0.9984266713466229,0.0009521492309784708
270,0.0034479676612222234,0.9910727190784391,0.005479313260338697
271,0.014516272744093776,0.9825973970954971,0.002886330160409129
272,0.026909116149622502,0.9702769299003924,0.002813953949985116
273,0.0021042813900154543,0.9974516941347981,0.0004440244751864842
274,0.00044519418829486364,0.9994908617495155,6.394406218962297e-05
275,0.00700848602614239,0.9920498344175596,0.0009416795562980479
276,0.02642484601698952,0.9664028371490366,0.007172316833973851
277,0.006639250338496664,0.983734285158318,0.00962646450318538
278,0.0051880800836084165,0.9934303934503513,0.0013815264660402488
279,0.0008792788710344,0.9984073762616805,0.0007133448672850763
280,0.0023784771210049955,0.9965524553752368,0.0010690675037581595
281,0.0013343120508648306,0.9980518257999237,0.000613862149211483
282,0.00031587984773549717,0.9993266949586469,0.00035742519361760337
283,0.0023957850238530668,0.9970056577760565,0.0005985572000903913
284,0.002279716410905715,0.9972058737790196,0.0005144098100746937
285,0.001262275236861278,0.9980552801330601,0.0006824446300786144
286,0.008602530878412357,0.9858517079172451,0.0055457612043425634
287,0.0005559377486468651,0.9987241444575239,0.0007199177938292468
288,0.005469674765919821,0.9922966592930198,0.002233665941060378
289,0.0014418555068301249,0.9981310532556116,0.0004270912375582974
290,0.015037755764682786,0.9823780231748829,0.0025842210604343392
291,0.002069109339481438,0.9974162564388162,0.0005146342217024106
292,0.002452744088108909,0.9968529470046954,0.0006943089071956912
293,0.0034623142911176926,0.9908513742002317,0.00568631150865058
294,0.005401595251273459,0.9922823621382718,0.0023160426104547297
295,0.024121402897680246,0.9683318881579668,0.0075467089443529735
296,0.052158739183650014,0.9379579233217888,0.009883337494561141
297,0.0016126949618246607,0.9975442702066271,0.0008430348315482797
298,0.009366169511677652,0.9871074840471902,0.0035263464411321712
299,0.03482927935557048,0.947154725648883,0.018015994995546483
300,0.4547590085202786,0.0,0.5452409914797214
301,0.04036370055188171,0.9107405617185202,0.04889573772959804
302,0.001708058707802129,0.99765666312731,0.0006352781648878206
303,0.010904104874348168,0.9857564046804377,0.00333949044521415
304,0.0018313808833769637,0.9977359821987326,0.00043263691789042905
305,0.001610635002557152,0.9979510645406109,0.0004383004568319597
306,0.0020242919010423494,0.9972270729466858,0.0007486351522718729
307,0.00023842151443457553,0.9996833734512796,7.820503428586896e-05
308,0.0032455456627648984,0.9949348511080081,0.0018196032292270457
309,0.0019284311004748188,0.9966624415115329,0.001409127387992244
310,0.00025566043954701185,0.9992864660851205,0.00045787347533248206
311,0.0020877585250531935,0.9976316574800728,0.00028058399487404214
312,0.000545213503579203,0.9994167438179679,3.804267845294064e-05
313,0.0016396418089987866,0.995796943333627,0.0025634148573742085
314,0.0011707162922622294,0.9984487115259499,0.00038057218178783156
315,0.0022783071845653567,0.9974164394393525,0.00030525337608210086
316,0.006963489318755322,0.9882584338907259,0.004778076790518804
317,0.0038309573471319884,0.9955881067062775,0.0005809359465905023
318,0.004568864478418794,0.9943899861621268,0.0010411493594543906
319,0.0028123355695209625,0.9960040781643902,0.0011835862660888544
320,0.00039712936815918757,0.9989424205821282,0.0006604500497125803
321,0.0007027551100490208,0.9991569728701345,0.00014027201981648267
322,0.0024535851834559686,0.9970580008757163,0.0004884139408277542
323,0.0006638325139165779,0.9992951966488177,4.09708372657037e-05
324,0.01123625971424174,0.984570181046756,0.004193559239002283
325,0.010062370371419332,0.9854060929244478,0.004531536704132861
326,0.015083868363860489,0.9819871897111301,0.0029289419250094293
327,0.006003198660970638,0.987613671108476,0.006383130230553385
328,0.002221719094459202,0.9973154298158914,0.00046285108964941215
329,0.031210151600367705,0.9622470685186634,0.00654277988096892
330,0.0069894136671970605,0.9871682087815038,0.005842377551299142
331,0.0009897487162785644,0.998769042562859,0.00024120872086240265
332,0.0056567045594110455,0.9900946208848967,0.004248674555692207
333,0.0024365162518087125,0.9965053492404664,0.0010581345077248785
334,0.0016836734082569622,0.9978237818901972,0.0004925447015458787
335,0.001294827606806982,0.9980303989425124,0.0006747734506805757
336,0.0032337861184334117,0.9955367366551511,0.0012294772264155106
337,0.0373694537709901,0.9518516919160401,0.010778854312969767
338,0.0018249252686718823,0.9972792605409637,0.0008958141903643987
339,0.0032994127056477237,0.9942346148502053,0.0024659724441470202
340,0.002675208196697896,0.9956222353564014,0.0017025564469007291
341,0.0034935284376856122,0.9956910922835381,0.0008153792787762506
342,0.0012398193291589968,0.9983022123929463,0.0004579682778947499
343,0.0023751010904284535,0.9948663362596869,0.0027585626498846457
344,0.001002679152684896,0.9979004012012082,0.0010969196461069503
345,0.005695588935976426,0.9920335338103261,0.002270877253697467
346,0.0006802188832992012,0.9992753725470644,4.440856963635447e-05
347,0.01577839897635476,0.9750897230230041,0.009131878000641122
348,0.001095787457911254,0.9984396915850637,0.00046452095702500824
349,0.0011834371624847339,0.9982694158728358,0.0005471469646794692
350,0.0026013733370348806,0.9945121979284068,0.0028864287345582813
351,0.012730663880338396,0.9727976961691976,0.014471639950463959
352,0.007612354317522856,0.9849088126960674,0.007478832986409696
353,0.001314820560188882,0.9984931081054153,0.0001920713343958678
354,0.0024914665509702142,0.9968651788726522,0.000643354576377539
355,0.002411185774993588,0.995845092197795,0.0017437220272113665
356,0.0022224896499101277,0.9970750657278231,0.0007024446222667547
357,0.0012739410861528524,0.9983111101260043,0.0004149487878428834
358,0.0016346028072820032,0.998104240840673,0.00026115635204504515
359,0.007364718243362579,0.9889544372952761,0.00368084446136132
360,0.0006840805180206322,0.998865840623052,0.00045007885892741956
361,0.0017022429448087086,0.997722658968499,0.0005750980866923037
362,0.0011819156269123547,0.9982618032771412,0.0005562810959464433
363,0.010167400611578746,0.9871112622616406,0.0027213371267806657
364,0.0017521303021302472,0.9977631154662652,0.0004847542316045815
365,0.0013796100184041474,0.9979270730164608,0.0006933169651350776
366,0.006726498222085128,0.9913029831687366,0.0019705186091783207
367,0.011131193337571064,0.9865751487567189,0.0022936579057100132
368,0.003266232665774201,0.9961446488026745,0.0005891185315512952
369,0.002676799461014342,0.996234812298173,0.0010883882408126468
370,0.0038537754576426597,0.9951563757927301,0.0009898487496272546
371,0.0005967547676225611,0.9990672725544361,0.00033597267794138
372,0.005311812715934306,0.9934857087962482,0.0012024784878174927
373,0.012604874230215224,0.9770993899517986,0.010295735817986207
374,0.0062889120669374285,0.9905134495376254,0.003197638395437137
375,0.012236209896737594,0.9850867421076723,0.0026770479955900758
376,0.00045908590441505806,0.9994955628572754,4.535123830957609e-05
377,0.006868190419965527,0.9896375491020644,0.00349426047797011
378,0.04370666813093249,0.9496728483145802,0.0066204835544873
379,0.0012008092139475348,0.9979001222434725,0.0008990685425800002
380,0.0005130234062993289,0.9991523038951464,0.00033467269855425025
381,0.0002528118582158078,0.9991326784936476,0.0006145096481365731
382,0.005928273256138917,0.9786813185223439,0.015390408221517226
383,0.0019534365008693254,0.996665961313825,0.0013806021853056641
384,0.018533064631768306,0.9798945288147193,0.0015724065535124149
385,0.0014873892225631385,0.9980544839805188,0.00045812679691809195
386,0.0015358331354544774,0.998238536463859,0.00022563040068656167
387,0.01348634073735813,0.9772513790197453,0.009262280242896522
388,0.013597601989102119,0.9824962081753303,0.0039061898355675375
389,0.12295228655301281,0.7724125022740732,0.10463521117291398
390,0.005366350534574514,0.9923632344609146,0.0022704150045109186
391,0.006473144973521965,0.9911598399227727,0.002367015103705356
392,0.002580017512285853,0.9972416137680185,0.00017836871969569338
393,0.000707724301945638,0.999113518658881,0.00017875703917337836
394,0.003893157236006727,0.9943218055295218,0.00178503723447151
395,0.01854811807984833,0.9798334596993397,0.001618422220812009
396,0.009414165964393166,0.9882762931675833,0.0023095408680235806
397,0.0016371385718851072,0.998007788928503,0.0003550724996119447
398,0.03548038750363076,0.961531398020064,0.002988214476305202
399,0.0035927284050239444,0.9956801710044806,0.0007271005904954702
400,0.014726617507617428,0.976464867854381,0.008808514638001547
401,0.0015397848604150853,0.998245960568872,0.0002142545707128664
402,0.0005597553977006684,0.9991026670276243,0.00033757757467504
403,0.0009661408313246481,0.9987311133896546,0.0003027457790207618
404,0.0006690091686882235,0.9987945304938205,0.0005364603374912783
405,0.01661920782336066,0.9810145107193508,0.002366281457288586
406,0.00035582034878037043,0.9990963020541667,0.0005478775970529667
407,0.001642219348066366,0.9961190672155744,0.0022387134363592177
408,0.0008221455287458836,0.9990441826030719,0.00013367186818218787
409,0.011943162968392394,0.9833980465411947,0.004658790490412936
410,0.018861968354208995,0.9800695322103311,0.0010684994354598972
411,0.0035585646398011185,0.9953150397472426,0.0011263956129563234
412,0.01727303603527285,0.9806544550078847,0.0020725089568424215
413,0.0020058116763799817,0.9974603958043716,0.0005337925192483939
414,0.0009220046514034394,0.9984749760673431,0.0006030192812534155
415,0.0032284056669177087,0.9958532691639888,0.0009183251690935391
416,0.031703158141372235,0.9641921481230531,0.00410469373557467
417,0.0329430492449813,0.9479911310756202,0.019065819679398535
418,0.0034923414344819113,0.9955037076316563,0.0010039509338617904
419,0.005130810906042005,0.9937930419744433,0.0010761471195147028
420,0.0021335880805295115,0.9973991654273403,0.0004672464921301822
421,0.013580241489884062,0.984755128372281,0.001664630137834975
422,0.0026087206755622304,0.996876831851463,0.0005144474729747398
423,0.001997993195055679,0.9974516319176302,0.0005503748873141214
424,0.001987020706731072,0.9966382759875639,0.0013747033057049903
425,0.0026826089214480814,0.9956544857592659,0.001662905319286068
426,0.002807932122558074,0.9965905557672589,0.0006015121101830697
427,0.0017042007592717946,0.9971528467520591,0.001142952488669142
428,0.04320016390841587,0.9401755585547021,0.01662427753688199
429,0.003361684747973783,0.9956345118535169,0.0010038033985092937
430,0.0011156540452346582,0.9982558525025564,0.0006284934522089019
431,0.005125502778406213,0.9933629418437089,0.0015115553778849069
432,0.003946262379482391,0.9949766477506021,0.0010770898699154815
433,0.08955348795085709,0.8735365783412253,0.03690993370791758
434,0.007452198681494641,0.9916957317647799,0.0008520695537254834
435,0.002417393446460067,0.9969185990881815,0.0006640074653584543
436,0.0036999942997650017,0.9955347016434645,0.0007653040567705282
437,0.002761078391580981,0.9958468143087265,0.0013921072996925612
438,0.019839770431422963,0.9713336629811972,0.008826566587379871
439,0.021531517000643142,0.9724241775044635,0.00604430549489333
440,0.003932966097056076,0.995167482282232,0.0008995516207119716
441,0.0047464901573259135,0.9942445136968424,0.0010089961458316725
442,0.0034804228399677646,0.9957850931321737,0.0007344840278585644
443,0.005171600545117887,0.9934443879484655,0.0013840115064166563
444,0.006284526236456269,0.9918111160793639,0.0019043576841798343
445,0.012250429755194369,0.9851897048180537,0.0025598654267519508
446,0.12049548246088063,0.8369854515348419,0.04251906600427744
447,0.0024217347264817316,0.9968376165463314,0.0007406487271868619
448,0.011135783599585957,0.9846345366174831,0.004229679782930919
449,0.008391876069571917,0.986171751712803,0.005436372217625059
450,0.0006321775577268923,0.9987336461631777,0.0006341762790953837
451,0.0021045818405230152,0.9975377152432017,0.000357702916275312
452,0.002835766413081713,0.993543592987253,0.0036206405996652546
453,0.001076993039032836,0.9984209574394405,0.0005020495215266822
454,0.0008678346199799188,0.9990090365263421,0.00012312885367798325
455,0.00010615107448621398,0.999880872519325,1.2976406188782468e-05
456,0.0029138054336697084,0.9943956503152359,0.002690544251094379
457,0.0014036281337343592,0.998152440171234,0.00044393169503169534
458,0.004553895946183036,0.9922072994144245,0.0032388046393924267
459,0.05796995097117701,0.9352600083553808,0.006770040673442175
460,0.0035152861037600356,0.9941665564453457,0.0023181574508942806
461,0.015198437110298047,0.9805746355171175,0.004226927372584409
462,0.0027472057922110805,0.9962731183694186,0.0009796758383703553
463,0.022939889577083972,0.9652788837141996,0.011781226708716463
464,0.002778330316157226,0.9964984487640843,0.0007232209197584412
465,0.015776442379348575,0.9821854796828233,0.0020380779378280983
466,0.001538499240388659,0.9979776706975023,0.0004838300621090238
467,0.004785757377948524,0.9896303848204302,0.005583857801621278
468,0.0032066212893506942,0.9960507687288678,0.000742609981781531
469,0.00035263408723828354,0.9992675106205872,0.00037985529217455377
470,0.0012635978818612355,0.9984967239045461,0.00023967821359262937
471,0.0055091617379626374,0.9927504051505649,0.001740433111472466
472,0.0015148990599486557,0.9982463776265083,0.00023872331354309197
473,0.040077134516760975,0.9555911268980345,0.004331738585204531
474,0.0011938264997270664,0.9983658908470306,0.0004402826532422878
475,0.008038036757472618,0.9897413854748803,0.002220577767647051
476,0.034743306815358636,0.9528636721464008,0.012393021038240588
477,0.01314793108364504,0.9829867282339174,0.0038653406824375428
478,0.0026252349639093986,0.9966264328105995,0.0007483322254911185
479,0.0006338076405705994,0.9992939406758644,7.225168356498899e-05
480,0.004914235848146421,0.9937895930048842,0.0012961711469693484
481,0.014566445448247402,0.9824531173522366,0.002980437199515982
482,0.002623484249664318,0.996552932142856,0.0008235836074796749
483,0.0015186461191023606,0.9978050509258268,0.0006763029550708086
484,0.0017775277195265138,0.9976041212507195,0.0006183510297539752
485,0.001724895843288233,0.9979020686243941,0.000373035532317644
486,0.001264062427436494,0.9984485509416426,0.00028738663092086296
487,0.002181223564435431,0.997151561672067,0.0006672147634975916
488,0.03850798903689574,0.9366282195251758,0.02486379143792843
489,0.025064709833959448,0.9701184990166353,0.004816791149405279
490,0.0015740048598729683,0.9978290136533413,0.0005969814867857193
491,0.0016581518795513008,0.9971331546768517,0.0012086934435969919
492,0.00024679211842053593,0.9992982800233858,0.00045492785819363203
493,0.0015049606160034389,0.9980101804395324,0.00048485894446418157
494,0.00675352605514639,0.9877078884547668,0.005538585490086852
495,0.0022190220589078723,0.9971391010690391,0.0006418768720529923
496,0.0026588455491026747,0.9968289795897891,0.0005121748611082151
497,0.0010781526092422744,0.9988218261464226,0.00010002124433516103
498,0.023274912509946635,0.9741251153168708,0.0025999721731825146
499,0.0034713348208314184,0.9959195622119178,0.0006091029672507845
500,0.027669449886772765,0.9645482749273595,0.007782275185867727
501,0.002086753895139717,0.9970735342222538,0.0008397118826065288
502,0.006033108991068843,0.9874767262840626,0.006490164724868579
503,0.015154356857503446,0.9825814252387377,0.0022642179037588497
504,0.008609188736713638,0.9869399267776047,0.0044508844856816915
505,0.0017507870410407717,0.9976391376980143,0.0006100752609449618
506,0.03900423428168393,0.957659900472849,0.0033358652454670793
507,0.9002197511542185,0.0,0.0997802488457815
508,0.007045185273808456,0.9885774869387995,0.004377327787392001
509,0.0018416871053988206,0.9976513581286132,0.0005069547659880157
510,0.0021080306947193206,0.9970595097184858,0.0008324595867948983
511,0.032280425532236603,0.9643807721619445,0.0033388023058188885
512,0.02538001513642791,0.9643823106257782,0.01023767423779392
513,0.007913473196798537,0.9895062379835103,0.002580288819691125
514,0.003824078336335748,0.9948957760527503,0.0012801456109139938
515,0.008247531312815989,0.9885941276105759,0.003158341076608154
516,0.0012964093194387616,0.9983191957560771,0.0003843949244841561
517,0.016137811649214386,0.9741357021680221,0.009726486182763469
518,0.0008040703162030232,0.9988755244650401,0.00032040521875684457
519,0.002373145474993631,0.9967659116052539,0.0008609429197525176
520,0.0009813681351173223,0.9989176239562403,0.00010100790864239184
521,0.01775827724871637,0.979578603484239,0.0026631192670446575
522,0.003681130673500528,0.9958910738957693,0.00042779543073022
523,0.002215867585753966,0.9966552274320608,0.0011289049821852253
524,0.004187978057563937,0.9945076057687635,0.0013044161736725484
525,0.0029327308199050893,0.9962235067871754,0.0008437623929194938
526,0.0007405179736183975,0.9989034588455266,0.00035602318085504303
527,0.06303549918643768,0.9181354945657798,0.01882900624778251
528,0.00030411814030097454,0.998713266170069,0.0009826156896300781
529,0.03063048552034949,0.9599782956154725,0.009391218864177965
530,0.002753633542148291,0.996318786138022,0.0009275803198296592
531,0.0016065146856410553,0.9967632274138662,0.0016302579004926962
532,0.006926669817967625,0.9890486353524411,0.004024694829591234
533,0.001035515596031622,0.9988540157333867,0.00011046867058165379
534,0.0011768507854414746,0.9979064427065284,0.0009167065080301296
535,0.0032485643782378818,0.9950552565991673,0.0016961790225948478
536,0.002516157830630687,0.9966303028306163,0.0008535393387530472
537,0.0016875526621224803,0.9979793802706259,0.00033306706725158206
538,0.0012130945372055431,0.9985091355921866,0.0002777698706078873
539,0.026785409650468963,0.9675969193963206,0.005617670953210394
540,0.021487568008513494,0.9735542180299862,0.004958213961500301
541,0.004062058127268081,0.9944870126582157,0.0014509292145162113
542,0.017540858013682107,0.9797290455745933,0.002730096411724612
543,0.005610066616144344,0.9929997441611308,0.0013901892227248629
544,0.0037272358542633157,0.9951517478493288,0.0011210162964078794
545,0.000625300532309554,0.9988325467950058,0.0005421526726846747
546,0.0010168538673572217,0.9986385844604962,0.00034456167214653023
547,0.018308937920536766,0.9754256467203943,0.0062654153590689
548,0.0027597796163920324,0.996427790476284,0.0008124299073239197
549,0.0009958005917401118,0.9984999985259655,0.0005042008822943951
550,0.0016665202098185101,0.9976467894753915,0.000686690314789952
551,0.0010111064241334763,0.9982324948289215,0.000756398746945011
552,0.00016801642547633223,0.9992862508046195,0.0005457327699041431
553,0.0008927436787113579,0.9989427798691757,0.00016447645211296324
554,0.0027268148286857994,0.996744819162609,0.0005283660087051593
555,0.005694048163440927,0.9909265632085991,0.0033793886279600083
556,0.03358525800909531,0.9589779001546085,0.007436841836296207
557,0.0004300471148474571,0.998422029554571,0.0011479233305814985
558,0.02608158530487938,0.9697735400914663,0.0041448746036542965
559,0.005292179263995271,0.9933503757783804,0.0013574449576243613
560,0.0017700534683023923,0.9977250727889826,0.0005048737427150158
561,0.02030002953956294,0.9721375287952888,0.007562441665148252
562,0.03288964859209202,0.9613632186616732,0.005747132746234798
563,0.0465250100592205,0.9467554628443225,0.006719527096456948
564,0.0020764663673289137,0.997570293843855,0.00035323978881610346
565,0.02239794138943962,0.9756228960191161,0.001979162591444264
566,0.0036171437505432883,0.9958395953313803,0.0005432609180763778
567,0.002298877045872151,0.9971471162471519,0.0005540067069759388
568,0.012835499205929071,0.984411898558354,0.0027526022357169475
569,0.028550454935506963,0.9692113356537008,0.0022382094107922705
570,0.03547947824817367,0.9591380325121248,0.005382489239701512
571,0.0107246084889482,0.9868925486339496,0.0023828428771022047
572,0.0015898039510024956,0.9972981632913054,0.0011120327576921204
573,0.015299828174628601,0.9785865255809906,0.006113646244380824
574,0.008505958135042162,0.9903586820643435,0.0011353598006143164
575,0.007498286927637807,0.9885986223438225,0.003903090728539741
576,0.022025243750077354,0.9659450355532171,0.012029720696705557
577,0.003113494920689906,0.9962103109667371,0.000676194112573027
578,0.00392767550849436,0.995285639506425,0.0007866849850806276
579,0.006178030927529911,0.9916346071202848,0.0021873619521852504
580,0.00455538596644164,0.9944904776512248,0.0009541363823335801
581,0.04703776279684508,0.9398543601332722,0.01310787706988275
582,0.001221766682443301,0.9977390934480354,0.0010391398695213465
583,0.017019200334202296,0.9767205995702016,0.006260200095596073
584,0.0014904202883886386,0.9979448169793839,0.0005647627322274973
585,0.020035618485976972,0.9760310866621241,0.003933294851898901
586,0.0010629272042827422,0.998844301841842,9.277095387522733e-05
587,0.017291479807518426,0.9780941556463678,0.004614364546113759
588,0.0009188464367590471,0.9984269393603872,0.0006542142028537751
589,0.014703173670458581,0.9810089567919993,0.004287869537542131
590,0.0002520454620863512,0.9990531754872652,0.0006947790506484051
591,0.000273337525423208,0.999046215860128,0.0006804466144488079
592,0.00500831839052185,0.9935470099365245,0.0014446716729537
593,0.003323035345210051,0.9957989276764863,0.0008780369783036931
594,0.001687118235119895,0.9975078009752142,0.0008050807896659178
595,0.03352113921916997,0.9521744270464182,0.014304433734411837
596,0.0026659375911211513,0.9965025254852415,0.0008315369236373071
597,0.018405616094531126,0.9781778288796947,0.0034165550257741423
598,0.0016566225321237556,0.9976612707737865,0.0006821066940897206
599,0.005002728380002411,0.9919828904976378,0.003014381122359818
600,0.004002604324631911,0.9923273239014705,0.0036700717738975966
601,0.0023009982082556205,0.9970069190520644,0.0006920827396799797
602,0.004116648881158081,0.9948508694058684,0.001032481712973498
603,0.005216203669006576,0.9935167757286029,0.001267020602390561
604,0.013071873205438058,0.9824621815463779,0.004465945248184064
605,0.0029898269918244304,0.9937631816357838,0.0032469913723917596
606,0.0015308839886080806,0.9982102484417348,0.0002588675696571372
607,0.0015803617810402938,0.9981368843721011,0.0002827538468585765
608,0.006566486305836611,0.990695321095697,0.002738192598466365
609,0.003802306855431016,0.9949558679647548,0.0012418251798142143
